0.00000e+00 0.00000e+00 -2.02781e+00
0.00000e+00 2.00000e-11 -2.05300e+00
0.00000e+00 4.00000e-11 -2.02170e+00
0.00000e+00 6.00000e-11 -1.94121e+00
0.00000e+00 8.00000e-11 -1.81837e+00
0.00000e+00 1.00000e-10 -1.65514e+00
0.00000e+00 1.20000e-10 -1.45367e+00
0.00000e+00 1.40000e-10 -1.19067e+00
0.00000e+00 1.60000e-10 -8.32647e-01
0.00000e+00 1.80000e-10 -3.35087e-01
0.00000e+00 2.00000e-10 3.45350e-01
0.00000e+00 2.20000e-10 1.22565e+00
0.00000e+00 2.40000e-10 2.33986e+00
0.00000e+00 2.60000e-10 3.65560e+00
0.00000e+00 2.80000e-10 5.13704e+00
0.00000e+00 3.00000e-10 6.74390e+00
0.00000e+00 3.20000e-10 8.42479e+00
0.00000e+00 3.40000e-10 1.01154e+01
0.00000e+00 3.60000e-10 1.17359e+01
0.00000e+00 3.80000e-10 1.31941e+01
0.00000e+00 4.00000e-10 1.43992e+01
0.00000e+00 4.20000e-10 1.53243e+01
0.00000e+00 4.40000e-10 1.59690e+01
0.00000e+00 4.60000e-10 1.63737e+01
0.00000e+00 4.80000e-10 1.65812e+01
0.00000e+00 5.00000e-10 1.66178e+01
0.00000e+00 5.20000e-10 1.64892e+01
0.00000e+00 5.40000e-10 1.61805e+01
0.00000e+00 5.60000e-10 1.56612e+01
0.00000e+00 5.80000e-10 1.49018e+01
0.00000e+00 6.00000e-10 1.39065e+01
0.00000e+00 6.20000e-10 1.27028e+01
0.00000e+00 6.40000e-10 1.13689e+01
0.00000e+00 6.60000e-10 9.98182e+00
0.00000e+00 6.80000e-10 8.60349e+00
0.00000e+00 7.00000e-10 7.27819e+00
0.00000e+00 7.20000e-10 6.03264e+00
0.00000e+00 7.40000e-10 4.88122e+00
0.00000e+00 7.60000e-10 3.82975e+00
0.00000e+00 7.80000e-10 2.87879e+00
0.00000e+00 8.00000e-10 2.02559e+00
0.00000e+00 8.20000e-10 1.26638e+00
0.00000e+00 8.40000e-10 5.96174e-01
0.00000e+00 8.60000e-10 1.01211e-02
0.00000e+00 8.80000e-10 -4.96192e-01
0.00000e+00 9.00000e-10 -9.26488e-01
0.00000e+00 9.20000e-10 -1.28409e+00
0.00000e+00 9.40000e-10 -1.57112e+00
0.00000e+00 9.60000e-10 -1.78953e+00
0.00000e+00 9.80000e-10 -1.94105e+00

2.00000e-11 0.00000e+00 -1.99752e+00
2.00000e-11 2.00000e-11 -2.02403e+00
2.00000e-11 4.00000e-11 -1.99288e+00
2.00000e-11 6.00000e-11 -1.91169e+00
2.00000e-11 8.00000e-11 -1.79182e+00
2.00000e-11 1.00000e-10 -1.64368e+00
2.00000e-11 1.20000e-10 -1.45527e+00
2.00000e-11 1.40000e-10 -1.21106e+00
2.00000e-11 1.60000e-10 -8.76690e-01
2.00000e-11 1.80000e-10 -4.05948e-01
2.00000e-11 2.00000e-10 2.56422e-01
2.00000e-11 2.20000e-10 1.16530e+00
2.00000e-11 2.40000e-10 2.29235e+00
2.00000e-11 2.60000e-10 3.62767e+00
2.00000e-11 2.80000e-10 5.13636e+00
2.00000e-11 3.00000e-10 6.77415e+00
2.00000e-11 3.20000e-10 8.49263e+00
2.00000e-11 3.40000e-10 1.02292e+01
2.00000e-11 3.60000e-10 1.18987e+01
2.00000e-11 3.80000e-10 1.33983e+01
2.00000e-11 4.00000e-10 1.46384e+01
2.00000e-11 4.20000e-10 1.55505e+01
2.00000e-11 4.40000e-10 1.61683e+01
2.00000e-11 4.60000e-10 1.65493e+01
2.00000e-11 4.80000e-10 1.67424e+01
2.00000e-11 5.00000e-10 1.67762e+01
2.00000e-11 5.20000e-10 1.66560e+01
2.00000e-11 5.40000e-10 1.63649e+01
2.00000e-11 5.60000e-10 1.58666e+01
2.00000e-11 5.80000e-10 1.51173e+01
2.00000e-11 6.00000e-10 1.40935e+01
2.00000e-11 6.20000e-10 1.28561e+01
2.00000e-11 6.40000e-10 1.14842e+01
2.00000e-11 6.60000e-10 1.00639e+01
2.00000e-11 6.80000e-10 8.66263e+00
2.00000e-11 7.00000e-10 7.32270e+00
2.00000e-11 7.20000e-10 6.06903e+00
2.00000e-11 7.40000e-10 4.91380e+00
2.00000e-11 7.60000e-10 3.86137e+00
2.00000e-11 7.80000e-10 2.91117e+00
2.00000e-11 8.00000e-10 2.06011e+00
2.00000e-11 8.20000e-10 1.30291e+00
2.00000e-11 8.40000e-10 6.34489e-01
2.00000e-11 8.60000e-10 4.97130e-02
2.00000e-11 8.80000e-10 -4.56063e-01
2.00000e-11 9.00000e-10 -8.86805e-01
2.00000e-11 9.20000e-10 -1.24528e+00
2.00000e-11 9.40000e-10 -1.53406e+00
2.00000e-11 9.60000e-10 -1.75470e+00
2.00000e-11 9.80000e-10 -1.90864e+00

4.00000e-11 0.00000e+00 -1.93920e+00
4.00000e-11 2.00000e-11 -1.96372e+00
4.00000e-11 4.00000e-11 -1.92636e+00
4.00000e-11 6.00000e-11 -1.83542e+00
4.00000e-11 8.00000e-11 -1.70572e+00
4.00000e-11 1.00000e-10 -1.55414e+00
4.00000e-11 1.20000e-10 -1.39663e+00
4.00000e-11 1.40000e-10 -1.20470e+00
4.00000e-11 1.60000e-10 -9.39124e-01
4.00000e-11 1.80000e-10 -5.42292e-01
4.00000e-11 2.00000e-10 7.00597e-02
4.00000e-11 2.20000e-10 9.48177e-01
4.00000e-11 2.40000e-10 2.12916e+00
4.00000e-11 2.60000e-10 3.54024e+00
4.00000e-11 2.80000e-10 5.12930e+00
4.00000e-11 3.00000e-10 6.85826e+00
4.00000e-11 3.20000e-10 8.68698e+00
4.00000e-11 3.40000e-10 1.05621e+01
4.00000e-11 3.60000e-10 1.23992e+01
4.00000e-11 3.80000e-10 1.40622e+01
4.00000e-11 4.00000e-10 1.53644e+01
4.00000e-11 4.20000e-10 1.62481e+01
4.00000e-11 4.40000e-10 1.67825e+01
4.00000e-11 4.60000e-10 1.70905e+01
4.00000e-11 4.80000e-10 1.72420e+01
4.00000e-11 5.00000e-10 1.72678e+01
4.00000e-11 5.20000e-10 1.71724e+01
4.00000e-11 5.40000e-10 1.69355e+01
4.00000e-11 5.60000e-10 1.65022e+01
4.00000e-11 5.80000e-10 1.57723e+01
4.00000e-11 6.00000e-10 1.46913e+01
4.00000e-11 6.20000e-10 1.33163e+01
4.00000e-11 6.40000e-10 1.18090e+01
4.00000e-11 6.60000e-10 1.02849e+01
4.00000e-11 6.80000e-10 8.81150e+00
4.00000e-11 7.00000e-10 7.42572e+00
4.00000e-11 7.20000e-10 6.14469e+00
4.00000e-11 7.40000e-10 4.97473e+00
4.00000e-11 7.60000e-10 3.91580e+00
4.00000e-11 7.80000e-10 2.96423e+00
4.00000e-11 8.00000e-10 2.11419e+00
4.00000e-11 8.20000e-10 1.35997e+00
4.00000e-11 8.40000e-10 6.94931e-01
4.00000e-11 8.60000e-10 1.13035e-01
4.00000e-11 8.80000e-10 -3.90816e-01
4.00000e-11 9.00000e-10 -8.20750e-01
4.00000e-11 9.20000e-10 -1.18009e+00
4.00000e-11 9.40000e-10 -1.47059e+00
4.00000e-11 9.60000e-10 -1.69354e+00
4.00000e-11 9.80000e-10 -1.84957e+00

6.00000e-11 0.00000e+00 -1.85538e+00
6.00000e-11 2.00000e-11 -1.87668e+00
6.00000e-11 4.00000e-11 -1.82760e+00
6.00000e-11 6.00000e-11 -1.71283e+00
6.00000e-11 8.00000e-11 -1.55769e+00
6.00000e-11 1.00000e-10 -1.43531e+00
6.00000e-11 1.20000e-10 -1.34591e+00
6.00000e-11 1.40000e-10 -1.24890e+00
6.00000e-11 1.60000e-10 -1.10836e+00
6.00000e-11 1.80000e-10 -8.89854e-01
6.00000e-11 2.00000e-10 -4.38513e-01
6.00000e-11 2.20000e-10 5.47864e-01
6.00000e-11 2.40000e-10 1.84523e+00
6.00000e-11 2.60000e-10 3.38317e+00
6.00000e-11 2.80000e-10 5.10666e+00
6.00000e-11 3.00000e-10 6.97628e+00
6.00000e-11 3.20000e-10 8.97596e+00
6.00000e-11 3.40000e-10 1.10825e+01
6.00000e-11 3.60000e-10 1.32146e+01
6.00000e-11 3.80000e-10 1.52134e+01
6.00000e-11 4.00000e-10 1.67572e+01
6.00000e-11 4.20000e-10 1.74343e+01
6.00000e-11 4.40000e-10 1.77349e+01
6.00000e-11 4.60000e-10 1.79015e+01
6.00000e-11 4.80000e-10 1.79783e+01
6.00000e-11 5.00000e-10 1.79914e+01
6.00000e-11 5.20000e-10 1.79427e+01
6.00000e-11 5.40000e-10 1.78137e+01
6.00000e-11 5.60000e-10 1.75692e+01
6.00000e-11 5.80000e-10 1.70071e+01
6.00000e-11 6.00000e-10 1.57171e+01
6.00000e-11 6.20000e-10 1.40568e+01
6.00000e-11 6.40000e-10 1.23097e+01
6.00000e-11 6.60000e-10 1.06097e+01
6.00000e-11 6.80000e-10 9.02499e+00
6.00000e-11 7.00000e-10 7.56906e+00
6.00000e-11 7.20000e-10 6.24814e+00
6.00000e-11 7.40000e-10 5.05619e+00
6.00000e-11 7.60000e-10 3.98847e+00
6.00000e-11 7.80000e-10 3.03503e+00
6.00000e-11 8.00000e-10 2.18909e+00
6.00000e-11 8.20000e-10 1.43966e+00
6.00000e-11 8.40000e-10 7.80401e-01
6.00000e-11 8.60000e-10 2.02879e-01
6.00000e-11 8.80000e-10 -2.97594e-01
6.00000e-11 9.00000e-10 -7.26866e-01
6.00000e-11 9.20000e-10 -1.08652e+00
6.00000e-11 9.40000e-10 -1.37976e+00
6.00000e-11 9.60000e-10 -1.60572e+00
6.00000e-11 9.80000e-10 -1.76499e+00

8.00000e-11 0.00000e+00 -1.74991e+00
8.00000e-11 2.00000e-11 -1.77169e+00
8.00000e-11 4.00000e-11 -1.70984e+00
8.00000e-11 6.00000e-11 -1.56299e+00
8.00000e-11 8.00000e-11 -1.29771e+00
8.00000e-11 1.00000e-10 -1.04254e+00
8.00000e-11 1.20000e-10 -1.04691e+00
8.00000e-11 1.40000e-10 -1.05328e+00
8.00000e-11 1.60000e-10 -1.04937e+00
8.00000e-11 1.80000e-10 -1.05660e+00
8.00000e-11 2.00000e-10 -1.02727e+00
8.00000e-11 2.20000e-10 -1.22004e-01
8.00000e-11 2.40000e-10 1.38783e+00
8.00000e-11 2.60000e-10 3.16445e+00
8.00000e-11 2.80000e-10 5.05853e+00
8.00000e-11 3.00000e-10 7.09788e+00
8.00000e-11 3.20000e-10 9.29931e+00
8.00000e-11 3.40000e-10 1.17014e+01
8.00000e-11 3.60000e-10 1.43058e+01
8.00000e-11 3.80000e-10 1.69772e+01
8.00000e-11 4.00000e-10 1.89352e+01
8.00000e-11 4.20000e-10 1.89661e+01
8.00000e-11 4.40000e-10 1.89449e+01
8.00000e-11 4.60000e-10 1.89535e+01
8.00000e-11 4.80000e-10 1.89504e+01
8.00000e-11 5.00000e-10 1.89507e+01
8.00000e-11 5.20000e-10 1.89529e+01
8.00000e-11 5.40000e-10 1.89456e+01
8.00000e-11 5.60000e-10 1.89638e+01
8.00000e-11 5.80000e-10 1.89396e+01
8.00000e-11 6.00000e-10 1.72641e+01
8.00000e-11 6.20000e-10 1.50304e+01
8.00000e-11 6.40000e-10 1.28996e+01
8.00000e-11 6.60000e-10 1.09761e+01
8.00000e-11 6.80000e-10 9.26082e+00
8.00000e-11 7.00000e-10 7.72549e+00
8.00000e-11 7.20000e-10 6.36159e+00
8.00000e-11 7.40000e-10 5.14683e+00
8.00000e-11 7.60000e-10 4.07276e+00
8.00000e-11 7.80000e-10 3.12000e+00
8.00000e-11 8.00000e-10 2.28072e+00
8.00000e-11 8.20000e-10 1.53936e+00
8.00000e-11 8.40000e-10 8.90165e-01
8.00000e-11 8.60000e-10 3.19462e-01
8.00000e-11 8.80000e-10 -1.74926e-01
8.00000e-11 9.00000e-10 -6.02712e-01
8.00000e-11 9.20000e-10 -9.62769e-01
8.00000e-11 9.40000e-10 -1.26034e+00
8.00000e-11 9.60000e-10 -1.49078e+00
8.00000e-11 9.80000e-10 -1.65655e+00

1.00000e-10 0.00000e+00 -1.62743e+00
1.00000e-10 2.00000e-11 -1.65842e+00
1.00000e-10 4.00000e-11 -1.59392e+00
1.00000e-10 6.00000e-11 -1.45096e+00
1.00000e-10 8.00000e-11 -1.04329e+00
1.00000e-10 1.00000e-10 -3.24216e-02
1.00000e-10 1.20000e-10 8.89988e-03
1.00000e-10 1.40000e-10 -3.88349e-03
1.00000e-10 1.60000e-10 -7.31386e-03
1.00000e-10 1.80000e-10 2.53821e-02
1.00000e-10 2.00000e-10 -7.01848e-02
1.00000e-10 2.20000e-10 -1.01844e+00
1.00000e-10 2.40000e-10 8.27976e-01
1.00000e-10 2.60000e-10 2.94904e+00
1.00000e-10 2.80000e-10 4.98359e+00
1.00000e-10 3.00000e-10 7.18583e+00
1.00000e-10 3.20000e-10 9.57607e+00
1.00000e-10 3.40000e-10 1.22290e+01
1.00000e-10 3.60000e-10 1.53720e+01
1.00000e-10 3.80000e-10 1.89262e+01
1.00000e-10 4.00000e-10 2.00187e+01
1.00000e-10 4.20000e-10 1.99930e+01
1.00000e-10 4.40000e-10 1.99961e+01
1.00000e-10 4.60000e-10 1.99998e+01
1.00000e-10 4.80000e-10 1.99994e+01
1.00000e-10 5.00000e-10 1.99993e+01
1.00000e-10 5.20000e-10 1.99999e+01
1.00000e-10 5.40000e-10 1.99960e+01
1.00000e-10 5.60000e-10 1.99963e+01
1.00000e-10 5.80000e-10 2.00093e+01
1.00000e-10 6.00000e-10 1.89333e+01
1.00000e-10 6.20000e-10 1.59663e+01
1.00000e-10 6.40000e-10 1.34068e+01
1.00000e-10 6.60000e-10 1.13048e+01
1.00000e-10 6.80000e-10 9.46388e+00
1.00000e-10 7.00000e-10 7.86565e+00
1.00000e-10 7.20000e-10 6.46198e+00
1.00000e-10 7.40000e-10 5.23518e+00
1.00000e-10 7.60000e-10 4.15868e+00
1.00000e-10 7.80000e-10 3.21591e+00
1.00000e-10 8.00000e-10 2.38986e+00
1.00000e-10 8.20000e-10 1.66447e+00
1.00000e-10 8.40000e-10 1.02828e+00
1.00000e-10 8.60000e-10 4.69795e-01
1.00000e-10 8.80000e-10 -1.81362e-02
1.00000e-10 9.00000e-10 -4.42769e-01
1.00000e-10 9.20000e-10 -8.05282e-01
1.00000e-10 9.40000e-10 -1.10863e+00
1.00000e-10 9.60000e-10 -1.34852e+00
1.00000e-10 9.80000e-10 -1.52461e+00

1.20000e-10 0.00000e+00 -1.49014e+00
1.20000e-10 2.00000e-11 -1.54106e+00
1.20000e-10 4.00000e-11 -1.49609e+00
1.20000e-10 6.00000e-11 -1.39268e+00
1.20000e-10 8.00000e-11 -1.04731e+00
1.20000e-10 1.00000e-10 1.26165e-02
1.20000e-10 1.20000e-10 1.40967e-01
1.20000e-10 1.40000e-10 1.14314e-01
1.20000e-10 1.60000e-10 1.14834e-01
1.20000e-10 1.80000e-10 1.98372e-01
1.20000e-10 2.00000e-10 1.52768e-02
1.20000e-10 2.20000e-10 -1.05598e+00
1.20000e-10 2.40000e-10 6.01360e-01
1.20000e-10 2.60000e-10 2.77363e+00
1.20000e-10 2.80000e-10 4.89786e+00
1.20000e-10 3.00000e-10 7.20555e+00
1.20000e-10 3.20000e-10 9.72090e+00
1.20000e-10 3.40000e-10 1.25287e+01
1.20000e-10 3.60000e-10 1.57479e+01
1.20000e-10 3.80000e-10 1.89639e+01
1.20000e-10 4.00000e-10 2.00070e+01
1.20000e-10 4.20000e-10 2.00483e+01
1.20000e-10 4.40000e-10 2.00434e+01
1.20000e-10 4.60000e-10 2.00418e+01
1.20000e-10 4.80000e-10 2.00425e+01
1.20000e-10 5.00000e-10 2.00435e+01
1.20000e-10 5.20000e-10 2.00448e+01
1.20000e-10 5.40000e-10 2.00485e+01
1.20000e-10 5.60000e-10 2.00615e+01
1.20000e-10 5.80000e-10 2.00068e+01
1.20000e-10 6.00000e-10 1.89626e+01
1.20000e-10 6.20000e-10 1.63076e+01
1.20000e-10 6.40000e-10 1.37123e+01
1.20000e-10 6.60000e-10 1.15073e+01
1.20000e-10 6.80000e-10 9.59590e+00
1.20000e-10 7.00000e-10 7.95362e+00
1.20000e-10 7.20000e-10 6.53283e+00
1.20000e-10 7.40000e-10 5.30500e+00
1.20000e-10 7.60000e-10 4.24110e+00
1.20000e-10 7.80000e-10 3.31697e+00
1.20000e-10 8.00000e-10 2.51272e+00
1.20000e-10 8.20000e-10 1.81034e+00
1.20000e-10 8.40000e-10 1.19608e+00
1.20000e-10 8.60000e-10 6.54140e-01
1.20000e-10 8.80000e-10 1.77592e-01
1.20000e-10 9.00000e-10 -2.43381e-01
1.20000e-10 9.20000e-10 -6.09147e-01
1.20000e-10 9.40000e-10 -9.22132e-01
1.20000e-10 9.60000e-10 -1.17577e+00
1.20000e-10 9.80000e-10 -1.36946e+00

1.40000e-10 0.00000e+00 -1.33732e+00
1.40000e-10 2.00000e-11 -1.41896e+00
1.40000e-10 4.00000e-11 -1.40777e+00
1.40000e-10 6.00000e-11 -1.34982e+00
1.40000e-10 8.00000e-11 -1.05200e+00
1.40000e-10 1.00000e-10 -7.97255e-03
1.40000e-10 1.20000e-10 8.59432e-02
1.40000e-10 1.40000e-10 3.94269e-02
1.40000e-10 1.60000e-10 3.98142e-02
1.40000e-10 1.80000e-10 1.37315e-01
1.40000e-10 2.00000e-10 -1.16635e-02
1.40000e-10 2.20000e-10 -1.04388e+00
1.40000e-10 2.40000e-10 5.15790e-01
1.40000e-10 2.60000e-10 2.64024e+00
1.40000e-10 2.80000e-10 4.78120e+00
1.40000e-10 3.00000e-10 7.13143e+00
1.40000e-10 3.20000e-10 9.70899e+00
1.40000e-10 3.40000e-10 1.25840e+01
1.40000e-10 3.60000e-10 1.58064e+01
1.40000e-10 3.80000e-10 1.89432e+01
1.40000e-10 4.00000e-10 1.99982e+01
1.40000e-10 4.20000e-10 1.99991e+01
1.40000e-10 4.40000e-10 1.99657e+01
1.40000e-10 4.60000e-10 1.99540e+01
1.40000e-10 4.80000e-10 1.99507e+01
1.40000e-10 5.00000e-10 1.99520e+01
1.40000e-10 5.20000e-10 1.99577e+01
1.40000e-10 5.40000e-10 1.99719e+01
1.40000e-10 5.60000e-10 2.00130e+01
1.40000e-10 5.80000e-10 1.99972e+01
1.40000e-10 6.00000e-10 1.89451e+01
1.40000e-10 6.20000e-10 1.63749e+01
1.40000e-10 6.40000e-10 1.37990e+01
1.40000e-10 6.60000e-10 1.15592e+01
1.40000e-10 6.80000e-10 9.62109e+00
1.40000e-10 7.00000e-10 7.96822e+00
1.40000e-10 7.20000e-10 6.55489e+00
1.40000e-10 7.40000e-10 5.34657e+00
1.40000e-10 7.60000e-10 4.31145e+00
1.40000e-10 7.80000e-10 3.42098e+00
1.40000e-10 8.00000e-10 2.65497e+00
1.40000e-10 8.20000e-10 1.98696e+00
1.40000e-10 8.40000e-10 1.40336e+00
1.40000e-10 8.60000e-10 8.84994e-01
1.40000e-10 8.80000e-10 4.23300e-01
1.40000e-10 9.00000e-10 6.11698e-03
1.40000e-10 9.20000e-10 -3.65078e-01
1.40000e-10 9.40000e-10 -6.93870e-01
1.40000e-10 9.60000e-10 -9.69051e-01
1.40000e-10 9.80000e-10 -1.18884e+00

1.60000e-10 0.00000e+00 -1.16658e+00
1.60000e-10 2.00000e-11 -1.28866e+00
1.60000e-10 4.00000e-11 -1.31911e+00
1.60000e-10 6.00000e-11 -1.30784e+00
1.60000e-10 8.00000e-11 -1.04891e+00
1.60000e-10 1.00000e-10 8.88234e-04
1.60000e-10 1.20000e-10 9.10908e-02
1.60000e-10 1.40000e-10 3.61582e-02
1.60000e-10 1.60000e-10 3.80497e-02
1.60000e-10 1.80000e-10 1.42216e-01
1.60000e-10 2.00000e-10 -1.56264e-03
1.60000e-10 2.20000e-10 -1.04796e+00
1.60000e-10 2.40000e-10 4.39207e-01
1.60000e-10 2.60000e-10 2.50062e+00
1.60000e-10 2.80000e-10 4.60630e+00
1.60000e-10 3.00000e-10 6.94258e+00
1.60000e-10 3.20000e-10 9.52885e+00
1.60000e-10 3.40000e-10 1.24377e+01
1.60000e-10 3.60000e-10 1.57276e+01
1.60000e-10 3.80000e-10 1.89412e+01
1.60000e-10 4.00000e-10 2.00009e+01
1.60000e-10 4.20000e-10 1.99999e+01
1.60000e-10 4.40000e-10 1.99661e+01
1.60000e-10 4.60000e-10 1.99535e+01
1.60000e-10 4.80000e-10 1.99504e+01
1.60000e-10 5.00000e-10 1.99517e+01
1.60000e-10 5.20000e-10 1.99574e+01
1.60000e-10 5.40000e-10 1.99723e+01
1.60000e-10 5.60000e-10 2.00144e+01
1.60000e-10 5.80000e-10 1.99998e+01
1.60000e-10 6.00000e-10 1.89435e+01
1.60000e-10 6.20000e-10 1.63199e+01
1.60000e-10 6.40000e-10 1.37015e+01
1.60000e-10 6.60000e-10 1.14486e+01
1.60000e-10 6.80000e-10 9.51959e+00
1.60000e-10 7.00000e-10 7.89244e+00
1.60000e-10 7.20000e-10 6.51548e+00
1.60000e-10 7.40000e-10 5.35136e+00
1.60000e-10 7.60000e-10 4.36538e+00
1.60000e-10 7.80000e-10 3.52654e+00
1.60000e-10 8.00000e-10 2.80926e+00
1.60000e-10 8.20000e-10 2.19069e+00
1.60000e-10 8.40000e-10 1.65072e+00
1.60000e-10 8.60000e-10 1.16651e+00
1.60000e-10 8.80000e-10 7.26313e-01
1.60000e-10 9.00000e-10 3.15578e-01
1.60000e-10 9.20000e-10 -6.56643e-02
1.60000e-10 9.40000e-10 -4.16554e-01
1.60000e-10 9.60000e-10 -7.23073e-01
1.60000e-10 9.80000e-10 -9.79627e-01

1.80000e-10 0.00000e+00 -9.75983e-01
1.80000e-10 2.00000e-11 -1.14775e+00
1.80000e-10 4.00000e-11 -1.22619e+00
1.80000e-10 6.00000e-11 -1.26544e+00
1.80000e-10 8.00000e-11 -1.04954e+00
1.80000e-10 1.00000e-10 -3.17143e-03
1.80000e-10 1.20000e-10 7.85359e-02
1.80000e-10 1.40000e-10 1.59078e-02
1.80000e-10 1.60000e-10 1.78459e-02
1.80000e-10 1.80000e-10 1.22342e-01
1.80000e-10 2.00000e-10 -7.27946e-03
1.80000e-10 2.20000e-10 -1.04533e+00
1.80000e-10 2.40000e-10 3.57216e-01
1.80000e-10 2.60000e-10 2.32319e+00
1.80000e-10 2.80000e-10 4.35205e+00
1.80000e-10 3.00000e-10 6.61685e+00
1.80000e-10 3.20000e-10 9.15495e+00
1.80000e-10 3.40000e-10 1.20541e+01
1.80000e-10 3.60000e-10 1.54890e+01
1.80000e-10 3.80000e-10 1.89698e+01
1.80000e-10 4.00000e-10 1.99950e+01
1.80000e-10 4.20000e-10 2.00044e+01
1.80000e-10 4.40000e-10 1.99980e+01
1.80000e-10 4.60000e-10 1.99940e+01
1.80000e-10 4.80000e-10 1.99955e+01
1.80000e-10 5.00000e-10 1.99966e+01
1.80000e-10 5.20000e-10 1.99986e+01
1.80000e-10 5.40000e-10 2.00049e+01
1.80000e-10 5.60000e-10 2.00218e+01
1.80000e-10 5.80000e-10 1.99959e+01
1.80000e-10 6.00000e-10 1.89673e+01
1.80000e-10 6.20000e-10 1.61224e+01
1.80000e-10 6.40000e-10 1.33887e+01
1.80000e-10 6.60000e-10 1.11530e+01
1.80000e-10 6.80000e-10 9.27501e+00
1.80000e-10 7.00000e-10 7.71556e+00
1.80000e-10 7.20000e-10 6.40648e+00
1.80000e-10 7.40000e-10 5.31443e+00
1.80000e-10 7.60000e-10 4.39874e+00
1.80000e-10 7.80000e-10 3.63314e+00
1.80000e-10 8.00000e-10 2.99007e+00
1.80000e-10 8.20000e-10 2.43904e+00
1.80000e-10 8.40000e-10 1.95731e+00
1.80000e-10 8.60000e-10 1.52085e+00
1.80000e-10 8.80000e-10 1.10939e+00
1.80000e-10 9.00000e-10 7.05582e-01
1.80000e-10 9.20000e-10 3.08410e-01
1.80000e-10 9.40000e-10 -7.85726e-02
1.80000e-10 9.60000e-10 -4.31869e-01
1.80000e-10 9.80000e-10 -7.38783e-01

2.00000e-10 0.00000e+00 -7.65886e-01
2.00000e-10 2.00000e-11 -9.96298e-01
2.00000e-10 4.00000e-11 -1.12826e+00
2.00000e-10 6.00000e-11 -1.22118e+00
2.00000e-10 8.00000e-11 -1.04894e+00
2.00000e-10 1.00000e-10 -7.32863e-04
2.00000e-10 1.20000e-10 8.33089e-02
2.00000e-10 1.40000e-10 1.70036e-02
2.00000e-10 1.60000e-10 2.01741e-02
2.00000e-10 1.80000e-10 1.24115e-01
2.00000e-10 2.00000e-10 -2.35176e-03
2.00000e-10 2.20000e-10 -1.04746e+00
2.00000e-10 2.40000e-10 2.52653e-01
2.00000e-10 2.60000e-10 2.09663e+00
2.00000e-10 2.80000e-10 4.00665e+00
2.00000e-10 3.00000e-10 6.14079e+00
2.00000e-10 3.20000e-10 8.54831e+00
2.00000e-10 3.40000e-10 1.13138e+01
2.00000e-10 3.60000e-10 1.47886e+01
2.00000e-10 3.80000e-10 1.89175e+01
2.00000e-10 4.00000e-10 2.00435e+01
2.00000e-10 4.20000e-10 1.99921e+01
2.00000e-10 4.40000e-10 1.99986e+01
2.00000e-10 4.60000e-10 2.00020e+01
2.00000e-10 4.80000e-10 2.00023e+01
2.00000e-10 5.00000e-10 2.00018e+01
2.00000e-10 5.20000e-10 2.00023e+01
2.00000e-10 5.40000e-10 1.99982e+01
2.00000e-10 5.60000e-10 1.99965e+01
2.00000e-10 5.80000e-10 2.00303e+01
2.00000e-10 6.00000e-10 1.89261e+01
2.00000e-10 6.20000e-10 1.55264e+01
2.00000e-10 6.40000e-10 1.27568e+01
2.00000e-10 6.60000e-10 1.06392e+01
2.00000e-10 6.80000e-10 8.87794e+00
2.00000e-10 7.00000e-10 7.43331e+00
2.00000e-10 7.20000e-10 6.22622e+00
2.00000e-10 7.40000e-10 5.23297e+00
2.00000e-10 7.60000e-10 4.41136e+00
2.00000e-10 7.80000e-10 3.73990e+00
2.00000e-10 8.00000e-10 3.18170e+00
2.00000e-10 8.20000e-10 2.72050e+00
2.00000e-10 8.40000e-10 2.32007e+00
2.00000e-10 8.60000e-10 1.95210e+00
2.00000e-10 8.80000e-10 1.58653e+00
2.00000e-10 9.00000e-10 1.19662e+00
2.00000e-10 9.20000e-10 7.71327e-01
2.00000e-10 9.40000e-10 3.30318e-01
2.00000e-10 9.60000e-10 -9.03271e-02
2.00000e-10 9.80000e-10 -4.65585e-01

2.20000e-10 0.00000e+00 -5.40837e-01
2.20000e-10 2.00000e-11 -8.37097e-01
2.20000e-10 4.00000e-11 -1.02779e+00
2.20000e-10 6.00000e-11 -1.17453e+00
2.20000e-10 8.00000e-11 -1.04949e+00
2.20000e-10 1.00000e-10 -2.48427e-03
2.20000e-10 1.20000e-10 7.65674e-02
2.20000e-10 1.40000e-10 1.11055e-02
2.20000e-10 1.60000e-10 9.41479e-03
2.20000e-10 1.80000e-10 1.17353e-01
2.20000e-10 2.00000e-10 -5.92095e-03
2.20000e-10 2.20000e-10 -1.04576e+00
2.20000e-10 2.40000e-10 1.24392e-01
2.20000e-10 2.60000e-10 1.82754e+00
2.20000e-10 2.80000e-10 3.56835e+00
2.20000e-10 3.00000e-10 5.53276e+00
2.20000e-10 3.20000e-10 7.69252e+00
2.20000e-10 3.40000e-10 1.01830e+01
2.20000e-10 3.60000e-10 1.30238e+01
2.20000e-10 3.80000e-10 1.62210e+01
2.20000e-10 4.00000e-10 1.89188e+01
2.20000e-10 4.20000e-10 1.89718e+01
2.20000e-10 4.40000e-10 1.89394e+01
2.20000e-10 4.60000e-10 1.89527e+01
2.20000e-10 4.80000e-10 1.89477e+01
2.20000e-10 5.00000e-10 1.89487e+01
2.20000e-10 5.20000e-10 1.89514e+01
2.20000e-10 5.40000e-10 1.89411e+01
2.20000e-10 5.60000e-10 1.89679e+01
2.20000e-10 5.80000e-10 1.89253e+01
2.20000e-10 6.00000e-10 1.66283e+01
2.20000e-10 6.20000e-10 1.40133e+01
2.20000e-10 6.40000e-10 1.17706e+01
2.20000e-10 6.60000e-10 9.89317e+00
2.20000e-10 6.80000e-10 8.34511e+00
2.20000e-10 7.00000e-10 7.04751e+00
2.20000e-10 7.20000e-10 5.98319e+00
2.20000e-10 7.40000e-10 5.10347e+00
2.20000e-10 7.60000e-10 4.40266e+00
2.20000e-10 7.80000e-10 3.84084e+00
2.20000e-10 8.00000e-10 3.41475e+00
2.20000e-10 8.20000e-10 3.06217e+00
2.20000e-10 8.40000e-10 2.77263e+00
2.20000e-10 8.60000e-10 2.49518e+00
2.20000e-10 8.80000e-10 2.20498e+00
2.20000e-10 9.00000e-10 1.83257e+00
2.20000e-10 9.20000e-10 1.36363e+00
2.20000e-10 9.40000e-10 8.23174e-01
2.20000e-10 9.60000e-10 3.02137e-01
2.20000e-10 9.80000e-10 -1.64518e-01

2.40000e-10 0.00000e+00 -3.10524e-01
2.40000e-10 2.00000e-11 -6.77571e-01
2.40000e-10 4.00000e-11 -9.26763e-01
2.40000e-10 6.00000e-11 -1.12997e+00
2.40000e-10 8.00000e-11 -1.04901e+00
2.40000e-10 1.00000e-10 -1.29974e-03
2.40000e-10 1.20000e-10 8.08531e-02
2.40000e-10 1.40000e-10 1.18882e-02
2.40000e-10 1.60000e-10 1.17311e-02
2.40000e-10 1.80000e-10 1.15990e-01
2.40000e-10 2.00000e-10 -3.05850e-03
2.40000e-10 2.20000e-10 -1.04723e+00
2.40000e-10 2.40000e-10 -1.51199e-02
2.40000e-10 2.60000e-10 1.51527e+00
2.40000e-10 2.80000e-10 3.07284e+00
2.40000e-10 3.00000e-10 4.81252e+00
2.40000e-10 3.20000e-10 6.69157e+00
2.40000e-10 3.40000e-10 8.77637e+00
2.40000e-10 3.60000e-10 1.09878e+01
2.40000e-10 3.80000e-10 1.32373e+01
2.40000e-10 4.00000e-10 1.51071e+01
2.40000e-10 4.20000e-10 1.58881e+01
2.40000e-10 4.40000e-10 1.61938e+01
2.40000e-10 4.60000e-10 1.63655e+01
2.40000e-10 4.80000e-10 1.64449e+01
2.40000e-10 5.00000e-10 1.64736e+01
2.40000e-10 5.20000e-10 1.64464e+01
2.40000e-10 5.40000e-10 1.63460e+01
2.40000e-10 5.60000e-10 1.61272e+01
2.40000e-10 5.80000e-10 1.55202e+01
2.40000e-10 6.00000e-10 1.40065e+01
2.40000e-10 6.20000e-10 1.22256e+01
2.40000e-10 6.40000e-10 1.05267e+01
2.40000e-10 6.60000e-10 9.00121e+00
2.40000e-10 6.80000e-10 7.69643e+00
2.40000e-10 7.00000e-10 6.58973e+00
2.40000e-10 7.20000e-10 5.67855e+00
2.40000e-10 7.40000e-10 4.93459e+00
2.40000e-10 7.60000e-10 4.36266e+00
2.40000e-10 7.80000e-10 3.93415e+00
2.40000e-10 8.00000e-10 3.61776e+00
2.40000e-10 8.20000e-10 3.41453e+00
2.40000e-10 8.40000e-10 3.27033e+00
2.40000e-10 8.60000e-10 3.12774e+00
2.40000e-10 8.80000e-10 2.97351e+00
2.40000e-10 9.00000e-10 2.69426e+00
2.40000e-10 9.20000e-10 2.10880e+00
2.40000e-10 9.40000e-10 1.39762e+00
2.40000e-10 9.60000e-10 7.31705e-01
2.40000e-10 9.80000e-10 1.51195e-01

2.60000e-10 0.00000e+00 -9.03239e-02
2.60000e-10 2.00000e-11 -5.26218e-01
2.60000e-10 4.00000e-11 -8.30788e-01
2.60000e-10 6.00000e-11 -1.08807e+00
2.60000e-10 8.00000e-11 -1.04899e+00
2.60000e-10 1.00000e-10 -2.49281e-03
2.60000e-10 1.20000e-10 8.00983e-02
2.60000e-10 1.40000e-10 6.99884e-03
2.60000e-10 1.60000e-10 7.69646e-03
2.60000e-10 1.80000e-10 1.07227e-01
2.60000e-10 2.00000e-10 -4.42847e-03
2.60000e-10 2.20000e-10 -1.04690e+00
2.60000e-10 2.40000e-10 -1.62595e-01
2.60000e-10 2.60000e-10 1.18237e+00
2.60000e-10 2.80000e-10 2.54374e+00
2.60000e-10 3.00000e-10 4.04611e+00
2.60000e-10 3.20000e-10 5.63693e+00
2.60000e-10 3.40000e-10 7.33777e+00
2.60000e-10 3.60000e-10 9.06649e+00
2.60000e-10 3.80000e-10 1.07136e+01
2.60000e-10 4.00000e-10 1.20242e+01
2.60000e-10 4.20000e-10 1.29141e+01
2.60000e-10 4.40000e-10 1.34294e+01
2.60000e-10 4.60000e-10 1.37303e+01
2.60000e-10 4.80000e-10 1.38874e+01
2.60000e-10 5.00000e-10 1.39449e+01
2.60000e-10 5.20000e-10 1.38992e+01
2.60000e-10 5.40000e-10 1.37355e+01
2.60000e-10 5.60000e-10 1.33847e+01
2.60000e-10 5.80000e-10 1.27341e+01
2.60000e-10 6.00000e-10 1.17400e+01
2.60000e-10 6.20000e-10 1.05036e+01
2.60000e-10 6.40000e-10 9.23342e+00
2.60000e-10 6.60000e-10 8.04485e+00
2.60000e-10 6.80000e-10 6.98995e+00
2.60000e-10 7.00000e-10 6.08382e+00
2.60000e-10 7.20000e-10 5.33171e+00
2.60000e-10 7.40000e-10 4.72581e+00
2.60000e-10 7.60000e-10 4.26698e+00
2.60000e-10 7.80000e-10 4.00579e+00
2.60000e-10 8.00000e-10 3.96258e+00
2.60000e-10 8.20000e-10 3.94931e+00
2.60000e-10 8.40000e-10 3.95055e+00
2.60000e-10 8.60000e-10 3.94585e+00
2.60000e-10 8.80000e-10 3.95822e+00
2.60000e-10 9.00000e-10 3.94754e+00
2.60000e-10 9.20000e-10 3.06109e+00
2.60000e-10 9.40000e-10 2.02088e+00
2.60000e-10 9.60000e-10 1.16029e+00
2.60000e-10 9.80000e-10 4.55556e-01

2.80000e-10 0.00000e+00 1.00464e-01
2.80000e-10 2.00000e-11 -3.90328e-01
2.80000e-10 4.00000e-11 -7.46057e-01
2.80000e-10 6.00000e-11 -1.04924e+00
2.80000e-10 8.00000e-11 -1.04889e+00
2.80000e-10 1.00000e-10 -1.77968e-03
2.80000e-10 1.20000e-10 8.24971e-02
2.80000e-10 1.40000e-10 7.07843e-03
2.80000e-10 1.60000e-10 8.13590e-03
2.80000e-10 1.80000e-10 1.03866e-01
2.80000e-10 2.00000e-10 -2.92920e-03
2.80000e-10 2.20000e-10 -1.04770e+00
2.80000e-10 2.40000e-10 -3.13001e-01
2.80000e-10 2.60000e-10 8.46250e-01
2.80000e-10 2.80000e-10 2.01210e+00
2.80000e-10 3.00000e-10 3.28610e+00
2.80000e-10 3.20000e-10 4.61125e+00
2.80000e-10 3.40000e-10 5.99189e+00
2.80000e-10 3.60000e-10 7.35177e+00
2.80000e-10 3.80000e-10 8.62163e+00
2.80000e-10 4.00000e-10 9.69638e+00
2.80000e-10 4.20000e-10 1.04975e+01
2.80000e-10 4.40000e-10 1.10426e+01
2.80000e-10 4.60000e-10 1.13964e+01
2.80000e-10 4.80000e-10 1.15961e+01
2.80000e-10 5.00000e-10 1.16766e+01
2.80000e-10 5.20000e-10 1.16350e+01
2.80000e-10 5.40000e-10 1.14653e+01
2.80000e-10 5.60000e-10 1.11271e+01
2.80000e-10 5.80000e-10 1.05900e+01
2.80000e-10 6.00000e-10 9.83075e+00
2.80000e-10 6.20000e-10 8.94327e+00
2.80000e-10 6.40000e-10 8.00349e+00
2.80000e-10 6.60000e-10 7.10061e+00
2.80000e-10 6.80000e-10 6.27312e+00
2.80000e-10 7.00000e-10 5.56335e+00
2.80000e-10 7.20000e-10 4.95945e+00
2.80000e-10 7.40000e-10 4.49661e+00
2.80000e-10 7.60000e-10 4.08983e+00
2.80000e-10 7.80000e-10 3.96523e+00
2.80000e-10 8.00000e-10 4.95741e+00
2.80000e-10 8.20000e-10 5.01515e+00
2.80000e-10 8.40000e-10 4.99427e+00
2.80000e-10 8.60000e-10 4.99636e+00
2.80000e-10 8.80000e-10 5.00454e+00
2.80000e-10 9.00000e-10 4.98738e+00
2.80000e-10 9.20000e-10 3.94612e+00
2.80000e-10 9.40000e-10 2.54635e+00
2.80000e-10 9.60000e-10 1.51189e+00
2.80000e-10 9.80000e-10 7.18885e-01

3.00000e-10 0.00000e+00 2.54575e-01
3.00000e-10 2.00000e-11 -2.79262e-01
3.00000e-10 4.00000e-11 -6.73700e-01
3.00000e-10 6.00000e-11 -1.01701e+00
3.00000e-10 8.00000e-11 -1.04886e+00
3.00000e-10 1.00000e-10 -2.35578e-03
3.00000e-10 1.20000e-10 8.24645e-02
3.00000e-10 1.40000e-10 4.38817e-03
3.00000e-10 1.60000e-10 5.52965e-03
3.00000e-10 1.80000e-10 9.77631e-02
3.00000e-10 2.00000e-10 -3.42991e-03
3.00000e-10 2.20000e-10 -1.04767e+00
3.00000e-10 2.40000e-10 -4.59010e-01
3.00000e-10 2.60000e-10 5.22189e-01
3.00000e-10 2.80000e-10 1.50279e+00
3.00000e-10 3.00000e-10 2.56952e+00
3.00000e-10 3.20000e-10 3.66413e+00
3.00000e-10 3.40000e-10 4.78718e+00
3.00000e-10 3.60000e-10 5.87837e+00
3.00000e-10 3.80000e-10 6.89559e+00
3.00000e-10 4.00000e-10 7.76179e+00
3.00000e-10 4.20000e-10 8.46575e+00
3.00000e-10 4.40000e-10 8.98462e+00
3.00000e-10 4.60000e-10 9.34585e+00
3.00000e-10 4.80000e-10 9.56358e+00
3.00000e-10 5.00000e-10 9.66259e+00
3.00000e-10 5.20000e-10 9.63874e+00
3.00000e-10 5.40000e-10 9.49571e+00
3.00000e-10 5.60000e-10 9.21157e+00
3.00000e-10 5.80000e-10 8.78770e+00
3.00000e-10 6.00000e-10 8.23238e+00
3.00000e-10 6.20000e-10 7.58217e+00
3.00000e-10 6.40000e-10 6.88735e+00
3.00000e-10 6.60000e-10 6.21360e+00
3.00000e-10 6.80000e-10 5.58656e+00
3.00000e-10 7.00000e-10 5.04984e+00
3.00000e-10 7.20000e-10 4.59356e+00
3.00000e-10 7.40000e-10 4.25669e+00
3.00000e-10 7.60000e-10 3.95567e+00
3.00000e-10 7.80000e-10 3.95028e+00
3.00000e-10 8.00000e-10 5.01149e+00
3.00000e-10 8.20000e-10 5.14034e+00
3.00000e-10 8.40000e-10 5.08179e+00
3.00000e-10 8.60000e-10 5.07956e+00
3.00000e-10 8.80000e-10 5.10436e+00
3.00000e-10 9.00000e-10 5.00802e+00
3.00000e-10 9.20000e-10 3.95752e+00
3.00000e-10 9.40000e-10 2.75751e+00
3.00000e-10 9.60000e-10 1.74561e+00
3.00000e-10 9.80000e-10 9.13311e-01

3.20000e-10 0.00000e+00 3.68540e-01
3.20000e-10 2.00000e-11 -1.93174e-01
3.20000e-10 4.00000e-11 -6.16101e-01
3.20000e-10 6.00000e-11 -9.91057e-01
3.20000e-10 8.00000e-11 -1.04878e+00
3.20000e-10 1.00000e-10 -2.15681e-03
3.20000e-10 1.20000e-10 8.36410e-02
3.20000e-10 1.40000e-10 3.50627e-03
3.20000e-10 1.60000e-10 4.62432e-03
3.20000e-10 1.80000e-10 9.40393e-02
3.20000e-10 2.00000e-10 -2.85241e-03
3.20000e-10 2.20000e-10 -1.04805e+00
3.20000e-10 2.40000e-10 -5.96067e-01
3.20000e-10 2.60000e-10 2.20830e-01
3.20000e-10 2.80000e-10 1.03290e+00
3.20000e-10 3.00000e-10 1.91772e+00
3.20000e-10 3.20000e-10 2.81775e+00
3.20000e-10 3.40000e-10 3.73561e+00
3.20000e-10 3.60000e-10 4.61985e+00
3.20000e-10 3.80000e-10 5.44798e+00
3.20000e-10 4.00000e-10 6.17697e+00
3.20000e-10 4.20000e-10 6.78239e+00
3.20000e-10 4.40000e-10 7.25019e+00
3.20000e-10 4.60000e-10 7.59438e+00
3.20000e-10 4.80000e-10 7.81393e+00
3.20000e-10 5.00000e-10 7.92657e+00
3.20000e-10 5.20000e-10 7.92700e+00
3.20000e-10 5.40000e-10 7.82456e+00
3.20000e-10 5.60000e-10 7.60916e+00
3.20000e-10 5.80000e-10 7.29311e+00
3.20000e-10 6.00000e-10 6.87651e+00
3.20000e-10 6.20000e-10 6.40495e+00
3.20000e-10 6.40000e-10 5.90000e+00
3.20000e-10 6.60000e-10 5.40910e+00
3.20000e-10 6.80000e-10 4.95173e+00
3.20000e-10 7.00000e-10 4.56643e+00
3.20000e-10 7.20000e-10 4.24687e+00
3.20000e-10 7.40000e-10 4.03084e+00
3.20000e-10 7.60000e-10 3.85075e+00
3.20000e-10 7.80000e-10 3.95043e+00
3.20000e-10 8.00000e-10 4.99227e+00
3.20000e-10 8.20000e-10 5.08619e+00
3.20000e-10 8.40000e-10 5.01255e+00
3.20000e-10 8.60000e-10 5.01103e+00
3.20000e-10 8.80000e-10 5.06019e+00
3.20000e-10 9.00000e-10 4.99427e+00
3.20000e-10 9.20000e-10 3.94518e+00
3.20000e-10 9.40000e-10 2.83767e+00
3.20000e-10 9.60000e-10 1.87926e+00
3.20000e-10 9.80000e-10 1.04535e+00

3.40000e-10 0.00000e+00 4.48499e-01
3.40000e-10 2.00000e-11 -1.29610e-01
3.40000e-10 4.00000e-11 -5.72526e-01
3.40000e-10 6.00000e-11 -9.71034e-01
3.40000e-10 8.00000e-11 -1.04877e+00
3.40000e-10 1.00000e-10 -2.26269e-03
3.40000e-10 1.20000e-10 8.41346e-02
3.40000e-10 1.40000e-10 2.24125e-03
3.40000e-10 1.60000e-10 3.34192e-03
3.40000e-10 1.80000e-10 9.01276e-02
3.40000e-10 2.00000e-10 -2.66565e-03
3.40000e-10 2.20000e-10 -1.04827e+00
3.40000e-10 2.40000e-10 -7.20134e-01
3.40000e-10 2.60000e-10 -5.12492e-02
3.40000e-10 2.80000e-10 6.12245e-01
3.40000e-10 3.00000e-10 1.34038e+00
3.40000e-10 3.20000e-10 2.07906e+00
3.40000e-10 3.40000e-10 2.83212e+00
3.40000e-10 3.60000e-10 3.55815e+00
3.40000e-10 3.80000e-10 4.24359e+00
3.40000e-10 4.00000e-10 4.84765e+00
3.40000e-10 4.20000e-10 5.37045e+00
3.40000e-10 4.40000e-10 5.78783e+00
3.40000e-10 4.60000e-10 6.10699e+00
3.40000e-10 4.80000e-10 6.32126e+00
3.40000e-10 5.00000e-10 6.44391e+00
3.40000e-10 5.20000e-10 6.46888e+00
3.40000e-10 5.40000e-10 6.40827e+00
3.40000e-10 5.60000e-10 6.25605e+00
3.40000e-10 5.80000e-10 6.02939e+00
3.40000e-10 6.00000e-10 5.73605e+00
3.40000e-10 6.20000e-10 5.40025e+00
3.40000e-10 6.40000e-10 5.04122e+00
3.40000e-10 6.60000e-10 4.69743e+00
3.40000e-10 6.80000e-10 4.38080e+00
3.40000e-10 7.00000e-10 4.12653e+00
3.40000e-10 7.20000e-10 3.92858e+00
3.40000e-10 7.40000e-10 3.82526e+00
3.40000e-10 7.60000e-10 3.75592e+00
3.40000e-10 7.80000e-10 3.95126e+00
3.40000e-10 8.00000e-10 5.00024e+00
3.40000e-10 8.20000e-10 5.08390e+00
3.40000e-10 8.40000e-10 5.00337e+00
3.40000e-10 8.60000e-10 5.00097e+00
3.40000e-10 8.80000e-10 5.05963e+00
3.40000e-10 9.00000e-10 5.00123e+00
3.40000e-10 9.20000e-10 3.95134e+00
3.40000e-10 9.40000e-10 2.88304e+00
3.40000e-10 9.60000e-10 1.95706e+00
3.40000e-10 9.80000e-10 1.13170e+00

3.60000e-10 0.00000e+00 5.03172e-01
3.60000e-10 2.00000e-11 -8.44678e-02
3.60000e-10 4.00000e-11 -5.40746e-01
3.60000e-10 6.00000e-11 -9.56249e-01
3.60000e-10 8.00000e-11 -1.04874e+00
3.60000e-10 1.00000e-10 -2.40409e-03
3.60000e-10 1.20000e-10 8.40598e-02
3.60000e-10 1.40000e-10 6.33080e-04
3.60000e-10 1.60000e-10 1.60548e-03
3.60000e-10 1.80000e-10 8.61376e-02
3.60000e-10 2.00000e-10 -2.73475e-03
3.60000e-10 2.20000e-10 -1.04839e+00
3.60000e-10 2.40000e-10 -8.29587e-01
3.60000e-10 2.60000e-10 -2.90322e-01
3.60000e-10 2.80000e-10 2.44811e-01
3.60000e-10 3.00000e-10 8.40594e-01
3.60000e-10 3.20000e-10 1.44607e+00
3.60000e-10 3.40000e-10 2.06687e+00
3.60000e-10 3.60000e-10 2.66625e+00
3.60000e-10 3.80000e-10 3.23726e+00
3.60000e-10 4.00000e-10 3.75337e+00
3.60000e-10 4.20000e-10 4.20356e+00
3.60000e-10 4.40000e-10 4.57200e+00
3.60000e-10 4.60000e-10 4.86417e+00
3.60000e-10 4.80000e-10 5.06967e+00
3.60000e-10 5.00000e-10 5.19942e+00
3.60000e-10 5.20000e-10 5.24676e+00
3.60000e-10 5.40000e-10 5.22473e+00
3.60000e-10 5.60000e-10 5.12981e+00
3.60000e-10 5.80000e-10 4.97975e+00
3.60000e-10 6.00000e-10 4.77512e+00
3.60000e-10 6.20000e-10 4.54798e+00
3.60000e-10 6.40000e-10 4.30577e+00
3.60000e-10 6.60000e-10 4.08008e+00
3.60000e-10 6.80000e-10 3.87981e+00
3.60000e-10 7.00000e-10 3.73649e+00
3.60000e-10 7.20000e-10 3.64470e+00
3.60000e-10 7.40000e-10 3.64144e+00
3.60000e-10 7.60000e-10 3.67223e+00
3.60000e-10 7.80000e-10 3.95123e+00
3.60000e-10 8.00000e-10 4.99647e+00
3.60000e-10 8.20000e-10 5.06861e+00
3.60000e-10 8.40000e-10 4.98584e+00
3.60000e-10 8.60000e-10 4.98410e+00
3.60000e-10 8.80000e-10 5.04976e+00
3.60000e-10 9.00000e-10 4.99869e+00
3.60000e-10 9.20000e-10 3.94904e+00
3.60000e-10 9.40000e-10 2.90712e+00
3.60000e-10 9.60000e-10 2.00420e+00
3.60000e-10 9.80000e-10 1.18750e+00

3.80000e-10 0.00000e+00 5.39893e-01
3.80000e-10 2.00000e-11 -5.32266e-02
3.80000e-10 4.00000e-11 -5.18304e-01
3.80000e-10 6.00000e-11 -9.45709e-01
3.80000e-10 8.00000e-11 -1.04870e+00
3.80000e-10 1.00000e-10 -2.18163e-03
3.80000e-10 1.20000e-10 8.49983e-02
3.80000e-10 1.40000e-10 4.67867e-04
3.80000e-10 1.60000e-10 1.47371e-03
3.80000e-10 1.80000e-10 8.41377e-02
3.80000e-10 2.00000e-10 -2.08750e-03
3.80000e-10 2.20000e-10 -1.04872e+00
3.80000e-10 2.40000e-10 -9.23780e-01
3.80000e-10 2.60000e-10 -4.95232e-01
3.80000e-10 2.80000e-10 -6.84817e-02
3.80000e-10 3.00000e-10 4.17087e-01
3.80000e-10 3.20000e-10 9.13943e-01
3.80000e-10 3.40000e-10 1.42837e+00
3.80000e-10 3.60000e-10 1.92900e+00
3.80000e-10 3.80000e-10 2.41164e+00
3.80000e-10 4.00000e-10 2.84738e+00
3.80000e-10 4.20000e-10 3.23993e+00
3.80000e-10 4.40000e-10 3.56808e+00
3.80000e-10 4.60000e-10 3.83588e+00
3.80000e-10 4.80000e-10 4.03239e+00
3.80000e-10 5.00000e-10 4.16724e+00
3.80000e-10 5.20000e-10 4.23335e+00
3.80000e-10 5.40000e-10 4.24395e+00
3.80000e-10 5.60000e-10 4.19545e+00
3.80000e-10 5.80000e-10 4.10596e+00
3.80000e-10 6.00000e-10 3.98009e+00
3.80000e-10 6.20000e-10 3.83701e+00
3.80000e-10 6.40000e-10 3.68607e+00
3.80000e-10 6.60000e-10 3.55535e+00
3.80000e-10 6.80000e-10 3.45005e+00
3.80000e-10 7.00000e-10 3.39944e+00
3.80000e-10 7.20000e-10 3.39786e+00
3.80000e-10 7.40000e-10 3.48121e+00
3.80000e-10 7.60000e-10 3.59851e+00
3.80000e-10 7.80000e-10 3.95096e+00
3.80000e-10 8.00000e-10 4.99933e+00
3.80000e-10 8.20000e-10 5.06856e+00
3.80000e-10 8.40000e-10 4.98509e+00
3.80000e-10 8.60000e-10 4.98304e+00
3.80000e-10 8.80000e-10 5.05098e+00
3.80000e-10 9.00000e-10 5.00008e+00
3.80000e-10 9.20000e-10 3.95031e+00
3.80000e-10 9.40000e-10 2.92265e+00
3.80000e-10 9.60000e-10 2.03355e+00
3.80000e-10 9.80000e-10 1.22366e+00

4.00000e-10 0.00000e+00 5.64229e-01
4.00000e-10 2.00000e-11 -3.21349e-02
4.00000e-10 4.00000e-11 -5.02893e-01
4.00000e-10 6.00000e-11 -9.38431e-01
4.00000e-10 8.00000e-11 -1.04872e+00
4.00000e-10 1.00000e-10 -2.57780e-03
4.00000e-10 1.20000e-10 8.40579e-02
4.00000e-10 1.40000e-10 -1.61253e-03
4.00000e-10 1.60000e-10 -7.81544e-04
4.00000e-10 1.80000e-10 8.02373e-02
4.00000e-10 2.00000e-10 -2.66745e-03
4.00000e-10 2.20000e-10 -1.04863e+00
4.00000e-10 2.40000e-10 -1.00224e+00
4.00000e-10 2.60000e-10 -6.66038e-01
4.00000e-10 2.80000e-10 -3.28766e-01
4.00000e-10 3.00000e-10 6.69909e-02
4.00000e-10 3.20000e-10 4.76286e-01
4.00000e-10 3.40000e-10 9.06257e-01
4.00000e-10 3.60000e-10 1.32751e+00
4.00000e-10 3.80000e-10 1.73842e+00
4.00000e-10 4.00000e-10 2.11888e+00
4.00000e-10 4.20000e-10 2.46279e+00
4.00000e-10 4.40000e-10 2.75572e+00
4.00000e-10 4.60000e-10 3.00207e+00
4.00000e-10 4.80000e-10 3.18992e+00
4.00000e-10 5.00000e-10 3.32826e+00
4.00000e-10 5.20000e-10 3.40972e+00
4.00000e-10 5.40000e-10 3.44729e+00
4.00000e-10 5.60000e-10 3.43780e+00
4.00000e-10 5.80000e-10 3.39838e+00
4.00000e-10 6.00000e-10 3.32793e+00
4.00000e-10 6.20000e-10 3.25269e+00
4.00000e-10 6.40000e-10 3.17490e+00
4.00000e-10 6.60000e-10 3.11954e+00
4.00000e-10 6.80000e-10 3.09090e+00
4.00000e-10 7.00000e-10 3.11599e+00
4.00000e-10 7.20000e-10 3.18938e+00
4.00000e-10 7.40000e-10 3.34534e+00
4.00000e-10 7.60000e-10 3.53642e+00
4.00000e-10 7.80000e-10 3.95090e+00
4.00000e-10 8.00000e-10 4.99726e+00
4.00000e-10 8.20000e-10 5.06137e+00
4.00000e-10 8.40000e-10 4.97834e+00
4.00000e-10 8.60000e-10 4.97666e+00
4.00000e-10 8.80000e-10 5.04712e+00
4.00000e-10 9.00000e-10 4.99883e+00
4.00000e-10 9.20000e-10 3.94919e+00
4.00000e-10 9.40000e-10 2.93145e+00
4.00000e-10 9.60000e-10 2.05206e+00
4.00000e-10 9.80000e-10 1.24697e+00

4.20000e-10 0.00000e+00 5.79957e-01
4.20000e-10 2.00000e-11 -1.83093e-02
4.20000e-10 4.00000e-11 -4.92679e-01
4.20000e-10 6.00000e-11 -9.33601e-01
4.20000e-10 8.00000e-11 -1.04866e+00
4.20000e-10 1.00000e-10 -2.11747e-03
4.20000e-10 1.20000e-10 8.53898e-02
4.20000e-10 1.40000e-10 -8.64066e-04
4.20000e-10 1.60000e-10 6.00620e-05
4.20000e-10 1.80000e-10 7.99169e-02
4.20000e-10 2.00000e-10 -1.68953e-03
4.20000e-10 2.20000e-10 -1.04902e+00
4.20000e-10 2.40000e-10 -1.06588e+00
4.20000e-10 2.60000e-10 -8.03664e-01
4.20000e-10 2.80000e-10 -5.37880e-01
4.20000e-10 3.00000e-10 -2.13395e-01
4.20000e-10 3.20000e-10 1.27240e-01
4.20000e-10 3.40000e-10 4.91284e-01
4.20000e-10 3.60000e-10 8.52442e-01
4.20000e-10 3.80000e-10 1.20995e+00
4.20000e-10 4.00000e-10 1.53987e+00
4.20000e-10 4.20000e-10 1.84756e+00
4.20000e-10 4.40000e-10 2.11408e+00
4.20000e-10 4.60000e-10 2.34341e+00
4.20000e-10 4.80000e-10 2.52415e+00
4.20000e-10 5.00000e-10 2.66492e+00
4.20000e-10 5.20000e-10 2.75816e+00
4.20000e-10 5.40000e-10 2.81657e+00
4.20000e-10 5.60000e-10 2.83628e+00
4.20000e-10 5.80000e-10 2.83413e+00
4.20000e-10 6.00000e-10 2.81253e+00
4.20000e-10 6.20000e-10 2.78786e+00
4.20000e-10 6.40000e-10 2.76549e+00
4.20000e-10 6.60000e-10 2.76893e+00
4.20000e-10 6.80000e-10 2.80043e+00
4.20000e-10 7.00000e-10 2.88579e+00
4.20000e-10 7.20000e-10 3.01936e+00
4.20000e-10 7.40000e-10 3.23433e+00
4.20000e-10 7.60000e-10 3.48523e+00
4.20000e-10 7.80000e-10 3.95078e+00
4.20000e-10 8.00000e-10 4.99917e+00
4.20000e-10 8.20000e-10 5.06240e+00
4.20000e-10 8.40000e-10 4.97976e+00
4.20000e-10 8.60000e-10 4.97787e+00
4.20000e-10 8.80000e-10 5.04888e+00
4.20000e-10 9.00000e-10 4.99984e+00
4.20000e-10 9.20000e-10 3.95014e+00
4.20000e-10 9.40000e-10 2.93758e+00
4.20000e-10 9.60000e-10 2.06369e+00
4.20000e-10 9.80000e-10 1.26183e+00

4.40000e-10 0.00000e+00 5.89624e-01
4.40000e-10 2.00000e-11 -9.76891e-03
4.40000e-10 4.00000e-11 -4.86308e-01
4.40000e-10 6.00000e-11 -9.30590e-01
4.40000e-10 8.00000e-11 -1.04871e+00
4.40000e-10 1.00000e-10 -2.69080e-03
4.40000e-10 1.20000e-10 8.38987e-02
4.40000e-10 1.40000e-10 -3.15743e-03
4.40000e-10 1.60000e-10 -2.42823e-03
4.40000e-10 1.80000e-10 7.63598e-02
4.40000e-10 2.00000e-10 -2.63496e-03
4.40000e-10 2.20000e-10 -1.04877e+00
4.40000e-10 2.40000e-10 -1.11435e+00
4.40000e-10 2.60000e-10 -9.09180e-01
4.40000e-10 2.80000e-10 -6.97953e-01
4.40000e-10 3.00000e-10 -4.27462e-01
4.40000e-10 3.20000e-10 -1.38656e-01
4.40000e-10 3.40000e-10 1.76123e-01
4.40000e-10 3.60000e-10 4.91124e-01
4.40000e-10 3.80000e-10 8.06751e-01
4.40000e-10 4.00000e-10 1.10586e+00
4.40000e-10 4.20000e-10 1.38440e+00
4.40000e-10 4.40000e-10 1.62927e+00
4.40000e-10 4.60000e-10 1.84503e+00
4.40000e-10 4.80000e-10 2.01982e+00
4.40000e-10 5.00000e-10 2.16213e+00
4.40000e-10 5.20000e-10 2.26424e+00
4.40000e-10 5.40000e-10 2.33854e+00
4.40000e-10 5.60000e-10 2.38131e+00
4.40000e-10 5.80000e-10 2.40851e+00
4.40000e-10 6.00000e-10 2.41773e+00
4.40000e-10 6.20000e-10 2.43236e+00
4.40000e-10 6.40000e-10 2.45236e+00
4.40000e-10 6.60000e-10 2.49970e+00
4.40000e-10 6.80000e-10 2.57667e+00
4.40000e-10 7.00000e-10 2.70777e+00
4.40000e-10 7.20000e-10 2.88757e+00
4.40000e-10 7.40000e-10 3.14801e+00
4.40000e-10 7.60000e-10 3.44570e+00
4.40000e-10 7.80000e-10 3.95074e+00
4.40000e-10 8.00000e-10 4.99762e+00
4.40000e-10 8.20000e-10 5.05791e+00
4.40000e-10 8.40000e-10 4.97594e+00
4.40000e-10 8.60000e-10 4.97432e+00
4.40000e-10 8.80000e-10 5.04658e+00
4.40000e-10 9.00000e-10 4.99896e+00
4.40000e-10 9.20000e-10 3.94935e+00
4.40000e-10 9.40000e-10 2.94067e+00
4.40000e-10 9.60000e-10 2.07070e+00
4.40000e-10 9.80000e-10 1.27083e+00

4.60000e-10 0.00000e+00 5.94763e-01
4.60000e-10 2.00000e-11 -5.20371e-03
4.60000e-10 4.00000e-11 -4.82885e-01
4.60000e-10 6.00000e-11 -9.28990e-01
4.60000e-10 8.00000e-11 -1.04864e+00
4.60000e-10 1.00000e-10 -2.07677e-03
4.60000e-10 1.20000e-10 8.55215e-02
4.60000e-10 1.40000e-10 -1.69434e-03
4.60000e-10 1.60000e-10 -8.20921e-04
4.60000e-10 1.80000e-10 7.74290e-02
4.60000e-10 2.00000e-10 -1.45650e-03
4.60000e-10 2.20000e-10 -1.04919e+00
4.60000e-10 2.40000e-10 -1.14903e+00
4.60000e-10 2.60000e-10 -9.83715e-01
4.60000e-10 2.80000e-10 -8.10849e-01
4.60000e-10 3.00000e-10 -5.78244e-01
4.60000e-10 3.20000e-10 -3.25514e-01
4.60000e-10 3.40000e-10 -4.50948e-02
4.60000e-10 3.60000e-10 2.39160e-01
4.60000e-10 3.80000e-10 5.27791e-01
4.60000e-10 4.00000e-10 7.99075e-01
4.60000e-10 4.20000e-10 1.05916e+00
4.60000e-10 4.40000e-10 1.29037e+00
4.60000e-10 4.60000e-10 1.49695e+00
4.60000e-10 4.80000e-10 1.66771e+00
4.60000e-10 5.00000e-10 1.81096e+00
4.60000e-10 5.20000e-10 1.91896e+00
4.60000e-10 5.40000e-10 2.00387e+00
4.60000e-10 5.60000e-10 2.06133e+00
4.60000e-10 5.80000e-10 2.10721e+00
4.60000e-10 6.00000e-10 2.14270e+00
4.60000e-10 6.20000e-10 2.18272e+00
4.60000e-10 6.40000e-10 2.23099e+00
4.60000e-10 6.60000e-10 2.30892e+00
4.60000e-10 6.80000e-10 2.41756e+00
4.60000e-10 7.00000e-10 2.58091e+00
4.60000e-10 7.20000e-10 2.79336e+00
4.60000e-10 7.40000e-10 3.08627e+00
4.60000e-10 7.60000e-10 3.41713e+00
4.60000e-10 7.80000e-10 3.95069e+00
4.60000e-10 8.00000e-10 4.99916e+00
4.60000e-10 8.20000e-10 5.05959e+00
4.60000e-10 8.40000e-10 4.97796e+00
4.60000e-10 8.60000e-10 4.97614e+00
4.60000e-10 8.80000e-10 5.04835e+00
4.60000e-10 9.00000e-10 4.99976e+00
4.60000e-10 9.20000e-10 3.95011e+00
4.60000e-10 9.40000e-10 2.94278e+00
4.60000e-10 9.60000e-10 2.07440e+00
4.60000e-10 9.80000e-10 1.27560e+00

4.80000e-10 0.00000e+00 5.96249e-01
4.80000e-10 2.00000e-11 -3.91340e-03
4.80000e-10 4.00000e-11 -4.81901e-01
4.80000e-10 6.00000e-11 -9.28548e-01
4.80000e-10 8.00000e-11 -1.04871e+00
4.80000e-10 1.00000e-10 -2.74680e-03
4.80000e-10 1.20000e-10 8.37417e-02
4.80000e-10 1.40000e-10 -3.96008e-03
4.80000e-10 1.60000e-10 -3.28180e-03
4.80000e-10 1.80000e-10 7.44410e-02
4.80000e-10 2.00000e-10 -2.62259e-03
4.80000e-10 2.20000e-10 -1.04883e+00
4.80000e-10 2.40000e-10 -1.16927e+00
4.80000e-10 2.60000e-10 -1.02810e+00
4.80000e-10 2.80000e-10 -8.78058e-01
4.80000e-10 3.00000e-10 -6.67881e-01
4.80000e-10 3.20000e-10 -4.36571e-01
4.80000e-10 3.40000e-10 -1.76329e-01
4.80000e-10 3.60000e-10 8.86380e-02
4.80000e-10 3.80000e-10 3.59446e-01
4.80000e-10 4.00000e-10 6.20184e-01
4.80000e-10 4.20000e-10 8.67600e-01
4.80000e-10 4.40000e-10 1.08926e+00
4.80000e-10 4.60000e-10 1.28990e+00
4.80000e-10 4.80000e-10 1.45790e+00
4.80000e-10 5.00000e-10 1.60156e+00
4.80000e-10 5.20000e-10 1.71305e+00
4.80000e-10 5.40000e-10 1.80440e+00
4.80000e-10 5.60000e-10 1.87153e+00
4.80000e-10 5.80000e-10 1.92975e+00
4.80000e-10 6.00000e-10 1.97599e+00
4.80000e-10 6.20000e-10 2.03248e+00
4.80000e-10 6.40000e-10 2.09829e+00
4.80000e-10 6.60000e-10 2.19415e+00
4.80000e-10 6.80000e-10 2.32165e+00
4.80000e-10 7.00000e-10 2.50416e+00
4.80000e-10 7.20000e-10 2.73629e+00
4.80000e-10 7.40000e-10 3.04873e+00
4.80000e-10 7.60000e-10 3.39996e+00
4.80000e-10 7.80000e-10 3.95066e+00
4.80000e-10 8.00000e-10 4.99775e+00
4.80000e-10 8.20000e-10 5.05637e+00
4.80000e-10 8.40000e-10 4.97514e+00
4.80000e-10 8.60000e-10 4.97355e+00
4.80000e-10 8.80000e-10 5.04645e+00
4.80000e-10 9.00000e-10 4.99898e+00
4.80000e-10 9.20000e-10 3.94938e+00
4.80000e-10 9.40000e-10 2.94296e+00
4.80000e-10 9.60000e-10 2.07546e+00
4.80000e-10 9.80000e-10 1.27694e+00

5.00000e-10 0.00000e+00 5.94322e-01
5.00000e-10 2.00000e-11 -5.65184e-03
5.00000e-10 4.00000e-11 -4.83194e-01
5.00000e-10 6.00000e-11 -9.29200e-01
5.00000e-10 8.00000e-11 -1.04863e+00
5.00000e-10 1.00000e-10 -2.06236e-03
5.00000e-10 1.20000e-10 8.54929e-02
5.00000e-10 1.40000e-10 -2.00594e-03
5.00000e-10 1.60000e-10 -1.14804e-03
5.00000e-10 1.80000e-10 7.65999e-02
5.00000e-10 2.00000e-10 -1.37987e-03
5.00000e-10 2.20000e-10 -1.04924e+00
5.00000e-10 2.40000e-10 -1.17641e+00
5.00000e-10 2.60000e-10 -1.04293e+00
5.00000e-10 2.80000e-10 -9.00482e-01
5.00000e-10 3.00000e-10 -6.97803e-01
5.00000e-10 3.20000e-10 -4.73552e-01
5.00000e-10 3.40000e-10 -2.20104e-01
5.00000e-10 3.60000e-10 3.94211e-02
5.00000e-10 3.80000e-10 3.05905e-01
5.00000e-10 4.00000e-10 5.58265e-01
5.00000e-10 4.20000e-10 8.02880e-01
5.00000e-10 4.40000e-10 1.02247e+00
5.00000e-10 4.60000e-10 1.22140e+00
5.00000e-10 4.80000e-10 1.38857e+00
5.00000e-10 5.00000e-10 1.53224e+00
5.00000e-10 5.20000e-10 1.64460e+00
5.00000e-10 5.40000e-10 1.73764e+00
5.00000e-10 5.60000e-10 1.80683e+00
5.00000e-10 5.80000e-10 1.86770e+00
5.00000e-10 6.00000e-10 1.92111e+00
5.00000e-10 6.20000e-10 1.98151e+00
5.00000e-10 6.40000e-10 2.05223e+00
5.00000e-10 6.60000e-10 2.15408e+00
5.00000e-10 6.80000e-10 2.28782e+00
5.00000e-10 7.00000e-10 2.47693e+00
5.00000e-10 7.20000e-10 2.71585e+00
5.00000e-10 7.40000e-10 3.03526e+00
5.00000e-10 7.60000e-10 3.39361e+00
5.00000e-10 7.80000e-10 3.95067e+00
5.00000e-10 8.00000e-10 4.99919e+00
5.00000e-10 8.20000e-10 5.05881e+00
5.00000e-10 8.40000e-10 4.97762e+00
5.00000e-10 8.60000e-10 4.97583e+00
5.00000e-10 8.80000e-10 5.04828e+00
5.00000e-10 9.00000e-10 4.99976e+00
5.00000e-10 9.20000e-10 3.95011e+00
5.00000e-10 9.40000e-10 2.94257e+00
5.00000e-10 9.60000e-10 2.07409e+00
5.00000e-10 9.80000e-10 1.27516e+00

5.20000e-10 0.00000e+00 5.88742e-01
5.20000e-10 2.00000e-11 -1.06669e-02
5.20000e-10 4.00000e-11 -4.86925e-01
5.20000e-10 6.00000e-11 -9.31010e-01
5.20000e-10 8.00000e-11 -1.04870e+00
5.20000e-10 1.00000e-10 -2.74653e-03
5.20000e-10 1.20000e-10 8.36387e-02
5.20000e-10 1.40000e-10 -4.01433e-03
5.20000e-10 1.60000e-10 -3.33345e-03
5.20000e-10 1.80000e-10 7.44258e-02
5.20000e-10 2.00000e-10 -2.62226e-03
5.20000e-10 2.20000e-10 -1.04883e+00
5.20000e-10 2.40000e-10 -1.16939e+00
5.20000e-10 2.60000e-10 -1.02836e+00
5.20000e-10 2.80000e-10 -8.78445e-01
5.20000e-10 3.00000e-10 -6.68394e-01
5.20000e-10 3.20000e-10 -4.37215e-01
5.20000e-10 3.40000e-10 -1.77110e-01
5.20000e-10 3.60000e-10 8.77049e-02
5.20000e-10 3.80000e-10 3.58341e-01
5.20000e-10 4.00000e-10 6.18881e-01
5.20000e-10 4.20000e-10 8.66063e-01
5.20000e-10 4.40000e-10 1.08745e+00
5.20000e-10 4.60000e-10 1.28778e+00
5.20000e-10 4.80000e-10 1.45541e+00
5.20000e-10 5.00000e-10 1.59865e+00
5.20000e-10 5.20000e-10 1.70968e+00
5.20000e-10 5.40000e-10 1.80052e+00
5.20000e-10 5.60000e-10 1.86713e+00
5.20000e-10 5.80000e-10 1.92481e+00
5.20000e-10 6.00000e-10 1.97056e+00
5.20000e-10 6.20000e-10 2.02664e+00
5.20000e-10 6.40000e-10 2.09220e+00
5.20000e-10 6.60000e-10 2.18800e+00
5.20000e-10 6.80000e-10 2.31574e+00
5.20000e-10 7.00000e-10 2.49882e+00
5.20000e-10 7.20000e-10 2.73190e+00
5.20000e-10 7.40000e-10 3.04562e+00
5.20000e-10 7.60000e-10 3.39847e+00
5.20000e-10 7.80000e-10 3.95064e+00
5.20000e-10 8.00000e-10 4.99772e+00
5.20000e-10 8.20000e-10 5.05641e+00
5.20000e-10 8.40000e-10 4.97530e+00
5.20000e-10 8.60000e-10 4.97371e+00
5.20000e-10 8.80000e-10 5.04646e+00
5.20000e-10 9.00000e-10 4.99895e+00
5.20000e-10 9.20000e-10 3.94936e+00
5.20000e-10 9.40000e-10 2.94026e+00
5.20000e-10 9.60000e-10 2.07008e+00
5.20000e-10 9.80000e-10 1.26993e+00

5.40000e-10 0.00000e+00 5.78628e-01
5.40000e-10 2.00000e-11 -1.96595e-02
5.40000e-10 4.00000e-11 -4.93605e-01
5.40000e-10 6.00000e-11 -9.34234e-01
5.40000e-10 8.00000e-11 -1.04864e+00
5.40000e-10 1.00000e-10 -2.07510e-03
5.40000e-10 1.20000e-10 8.53037e-02
5.40000e-10 1.40000e-10 -1.80811e-03
5.40000e-10 1.60000e-10 -9.29868e-04
5.40000e-10 1.80000e-10 7.73961e-02
5.40000e-10 2.00000e-10 -1.45716e-03
5.40000e-10 2.20000e-10 -1.04919e+00
5.40000e-10 2.40000e-10 -1.14928e+00
5.40000e-10 2.60000e-10 -9.84218e-01
5.40000e-10 2.80000e-10 -8.11610e-01
5.40000e-10 3.00000e-10 -5.79253e-01
5.40000e-10 3.20000e-10 -3.26779e-01
5.40000e-10 3.40000e-10 -4.66308e-02
5.40000e-10 3.60000e-10 2.37329e-01
5.40000e-10 3.80000e-10 5.25620e-01
5.40000e-10 4.00000e-10 7.96519e-01
5.40000e-10 4.20000e-10 1.05614e+00
5.40000e-10 4.40000e-10 1.28682e+00
5.40000e-10 4.60000e-10 1.49276e+00
5.40000e-10 4.80000e-10 1.66280e+00
5.40000e-10 5.00000e-10 1.80521e+00
5.40000e-10 5.20000e-10 1.91228e+00
5.40000e-10 5.40000e-10 1.99616e+00
5.40000e-10 5.60000e-10 2.05255e+00
5.40000e-10 5.80000e-10 2.09733e+00
5.40000e-10 6.00000e-10 2.13181e+00
5.40000e-10 6.20000e-10 2.17096e+00
5.40000e-10 6.40000e-10 2.21866e+00
5.40000e-10 6.60000e-10 2.29643e+00
5.40000e-10 6.80000e-10 2.40550e+00
5.40000e-10 7.00000e-10 2.56997e+00
5.40000e-10 7.20000e-10 2.78434e+00
5.40000e-10 7.40000e-10 3.07987e+00
5.40000e-10 7.60000e-10 3.41406e+00
5.40000e-10 7.80000e-10 3.95072e+00
5.40000e-10 8.00000e-10 4.99924e+00
5.40000e-10 8.20000e-10 5.06005e+00
5.40000e-10 8.40000e-10 4.97874e+00
5.40000e-10 8.60000e-10 4.97692e+00
5.40000e-10 8.80000e-10 5.04867e+00
5.40000e-10 9.00000e-10 4.99982e+00
5.40000e-10 9.20000e-10 3.95015e+00
5.40000e-10 9.40000e-10 2.93696e+00
5.40000e-10 9.60000e-10 2.06276e+00
5.40000e-10 9.80000e-10 1.26048e+00

5.60000e-10 0.00000e+00 5.62445e-01
5.60000e-10 2.00000e-11 -3.39460e-02
5.60000e-10 4.00000e-11 -5.04132e-01
5.60000e-10 6.00000e-11 -9.39276e-01
5.60000e-10 8.00000e-11 -1.04871e+00
5.60000e-10 1.00000e-10 -2.68968e-03
5.60000e-10 1.20000e-10 8.35420e-02
5.60000e-10 1.40000e-10 -3.33784e-03
5.60000e-10 1.60000e-10 -2.60090e-03
5.60000e-10 1.80000e-10 7.63133e-02
5.60000e-10 2.00000e-10 -2.63440e-03
5.60000e-10 2.20000e-10 -1.04876e+00
5.60000e-10 2.40000e-10 -1.11471e+00
5.60000e-10 2.60000e-10 -9.09914e-01
5.60000e-10 2.80000e-10 -6.99067e-01
5.60000e-10 3.00000e-10 -4.28932e-01
5.60000e-10 3.20000e-10 -1.40502e-01
5.60000e-10 3.40000e-10 1.73889e-01
5.60000e-10 3.60000e-10 4.88459e-01
5.60000e-10 3.80000e-10 8.03595e-01
5.60000e-10 4.00000e-10 1.10213e+00
5.60000e-10 4.20000e-10 1.38000e+00
5.60000e-10 4.40000e-10 1.62409e+00
5.60000e-10 4.60000e-10 1.83891e+00
5.60000e-10 4.80000e-10 2.01263e+00
5.60000e-10 5.00000e-10 2.15367e+00
5.60000e-10 5.20000e-10 2.25438e+00
5.60000e-10 5.40000e-10 2.32711e+00
5.60000e-10 5.60000e-10 2.36823e+00
5.60000e-10 5.80000e-10 2.39371e+00
5.60000e-10 6.00000e-10 2.40129e+00
5.60000e-10 6.20000e-10 2.41449e+00
5.60000e-10 6.40000e-10 2.43351e+00
5.60000e-10 6.60000e-10 2.48046e+00
5.60000e-10 6.80000e-10 2.55797e+00
5.60000e-10 7.00000e-10 2.69068e+00
5.60000e-10 7.20000e-10 2.87340e+00
5.60000e-10 7.40000e-10 3.13792e+00
5.60000e-10 7.60000e-10 3.44082e+00
5.60000e-10 7.80000e-10 3.95068e+00
5.60000e-10 8.00000e-10 4.99746e+00
5.60000e-10 8.20000e-10 5.05837e+00
5.60000e-10 8.40000e-10 4.97707e+00
5.60000e-10 8.60000e-10 4.97546e+00
5.60000e-10 8.80000e-10 5.04688e+00
5.60000e-10 9.00000e-10 4.99882e+00
5.60000e-10 9.20000e-10 3.94921e+00
5.60000e-10 9.40000e-10 2.93061e+00
5.60000e-10 9.60000e-10 2.05080e+00
5.60000e-10 9.80000e-10 1.24515e+00

5.80000e-10 0.00000e+00 5.37633e-01
5.80000e-10 2.00000e-11 -5.55104e-02
5.80000e-10 4.00000e-11 -5.19862e-01
5.80000e-10 6.00000e-11 -9.46774e-01
5.80000e-10 8.00000e-11 -1.04866e+00
5.80000e-10 1.00000e-10 -2.11313e-03
5.80000e-10 1.20000e-10 8.48564e-02
5.80000e-10 1.40000e-10 -1.12547e-03
5.80000e-10 1.60000e-10 -1.92692e-04
5.80000e-10 1.80000e-10 7.98499e-02
5.80000e-10 2.00000e-10 -1.69163e-03
5.80000e-10 2.20000e-10 -1.04901e+00
5.80000e-10 2.40000e-10 -1.06635e+00
5.80000e-10 2.60000e-10 -8.04609e-01
5.80000e-10 2.80000e-10 -5.39309e-01
5.80000e-10 3.00000e-10 -2.15280e-01
5.80000e-10 3.20000e-10 1.24882e-01
5.80000e-10 3.40000e-10 4.88429e-01
5.80000e-10 3.60000e-10 8.49045e-01
5.80000e-10 3.80000e-10 1.20592e+00
5.80000e-10 4.00000e-10 1.53513e+00
5.80000e-10 4.20000e-10 1.84195e+00
5.80000e-10 4.40000e-10 2.10746e+00
5.80000e-10 4.60000e-10 2.33556e+00
5.80000e-10 4.80000e-10 2.51489e+00
5.80000e-10 5.00000e-10 2.65398e+00
5.80000e-10 5.20000e-10 2.74534e+00
5.80000e-10 5.40000e-10 2.80160e+00
5.80000e-10 5.60000e-10 2.81902e+00
5.80000e-10 5.80000e-10 2.81443e+00
5.80000e-10 6.00000e-10 2.79050e+00
5.80000e-10 6.20000e-10 2.76367e+00
5.80000e-10 6.40000e-10 2.73970e+00
5.80000e-10 6.60000e-10 2.74233e+00
5.80000e-10 6.80000e-10 2.77430e+00
5.80000e-10 7.00000e-10 2.86168e+00
5.80000e-10 7.20000e-10 2.99917e+00
5.80000e-10 7.40000e-10 3.21986e+00
5.80000e-10 7.60000e-10 3.47826e+00
5.80000e-10 7.80000e-10 3.95087e+00
5.80000e-10 8.00000e-10 4.99944e+00
5.80000e-10 8.20000e-10 5.06462e+00
5.80000e-10 8.40000e-10 4.98342e+00
5.80000e-10 8.60000e-10 4.98148e+00
5.80000e-10 8.80000e-10 5.05064e+00
5.80000e-10 9.00000e-10 5.00005e+00
5.80000e-10 9.20000e-10 3.95033e+00
5.80000e-10 9.40000e-10 2.92159e+00
5.80000e-10 9.60000e-10 2.03194e+00
5.80000e-10 9.80000e-10 1.22134e+00

6.00000e-10 0.00000e+00 5.00401e-01
6.00000e-10 2.00000e-11 -8.72495e-02
6.00000e-10 4.00000e-11 -5.42634e-01
6.00000e-10 6.00000e-11 -9.57534e-01
6.00000e-10 8.00000e-11 -1.04872e+00
6.00000e-10 1.00000e-10 -2.57310e-03
6.00000e-10 1.20000e-10 8.32979e-02
6.00000e-10 1.40000e-10 -1.96608e-03
6.00000e-10 1.60000e-10 -1.12570e-03
6.00000e-10 1.80000e-10 8.01607e-02
6.00000e-10 2.00000e-10 -2.66813e-03
6.00000e-10 2.20000e-10 -1.04862e+00
6.00000e-10 2.40000e-10 -1.00282e+00
6.00000e-10 2.60000e-10 -6.67162e-01
6.00000e-10 2.80000e-10 -3.30471e-01
6.00000e-10 3.00000e-10 6.47593e-02
6.00000e-10 3.20000e-10 4.73496e-01
6.00000e-10 3.40000e-10 9.02891e-01
6.00000e-10 3.60000e-10 1.32350e+00
6.00000e-10 3.80000e-10 1.73368e+00
6.00000e-10 4.00000e-10 2.11329e+00
6.00000e-10 4.20000e-10 2.45616e+00
6.00000e-10 4.40000e-10 2.74789e+00
6.00000e-10 4.60000e-10 2.99276e+00
6.00000e-10 4.80000e-10 3.17888e+00
6.00000e-10 5.00000e-10 3.31514e+00
6.00000e-10 5.20000e-10 3.39425e+00
6.00000e-10 5.40000e-10 3.42906e+00
6.00000e-10 5.60000e-10 3.41660e+00
6.00000e-10 5.80000e-10 3.37393e+00
6.00000e-10 6.00000e-10 3.30023e+00
6.00000e-10 6.20000e-10 3.22190e+00
6.00000e-10 6.40000e-10 3.14163e+00
6.00000e-10 6.60000e-10 3.08474e+00
6.00000e-10 6.80000e-10 3.05621e+00
6.00000e-10 7.00000e-10 3.08350e+00
6.00000e-10 7.20000e-10 3.16184e+00
6.00000e-10 7.40000e-10 3.32538e+00
6.00000e-10 7.60000e-10 3.52676e+00
6.00000e-10 7.80000e-10 3.95088e+00
6.00000e-10 8.00000e-10 4.99681e+00
6.00000e-10 8.20000e-10 5.06414e+00
6.00000e-10 8.40000e-10 4.98404e+00
6.00000e-10 8.60000e-10 4.98237e+00
6.00000e-10 8.80000e-10 5.04946e+00
6.00000e-10 9.00000e-10 4.99867e+00
6.00000e-10 9.20000e-10 3.94907e+00
6.00000e-10 9.40000e-10 2.90580e+00
6.00000e-10 9.60000e-10 2.00219e+00
6.00000e-10 9.80000e-10 1.18465e+00

6.20000e-10 0.00000e+00 4.45154e-01
6.20000e-10 2.00000e-11 -1.32922e-01
6.20000e-10 4.00000e-11 -5.74758e-01
6.20000e-10 6.00000e-11 -9.72546e-01
6.20000e-10 8.00000e-11 -1.04871e+00
6.20000e-10 1.00000e-10 -2.16829e-03
6.20000e-10 1.20000e-10 8.39465e-02
6.20000e-10 1.40000e-10 6.82680e-06
6.20000e-10 1.60000e-10 1.01529e-03
6.20000e-10 1.80000e-10 8.40463e-02
6.20000e-10 2.00000e-10 -2.09343e-03
6.20000e-10 2.20000e-10 -1.04871e+00
6.20000e-10 2.40000e-10 -9.24439e-01
6.20000e-10 2.60000e-10 -4.96509e-01
6.20000e-10 2.80000e-10 -7.04046e-02
6.20000e-10 3.00000e-10 4.14577e-01
6.20000e-10 3.20000e-10 9.10827e-01
6.20000e-10 3.40000e-10 1.42461e+00
6.20000e-10 3.60000e-10 1.92456e+00
6.20000e-10 3.80000e-10 2.40637e+00
6.20000e-10 4.00000e-10 2.84120e+00
6.20000e-10 4.20000e-10 3.23257e+00
6.20000e-10 4.40000e-10 3.55937e+00
6.20000e-10 4.60000e-10 3.82545e+00
6.20000e-10 4.80000e-10 4.02000e+00
6.20000e-10 5.00000e-10 4.15237e+00
6.20000e-10 5.20000e-10 4.21567e+00
6.20000e-10 5.40000e-10 4.22287e+00
6.20000e-10 5.60000e-10 4.17066e+00
6.20000e-10 5.80000e-10 4.07695e+00
6.20000e-10 6.00000e-10 3.94680e+00
6.20000e-10 6.20000e-10 3.79939e+00
6.20000e-10 6.40000e-10 3.64471e+00
6.20000e-10 6.60000e-10 3.51129e+00
6.20000e-10 6.80000e-10 3.40527e+00
6.20000e-10 7.00000e-10 3.35668e+00
6.20000e-10 7.20000e-10 3.36092e+00
6.20000e-10 7.40000e-10 3.45405e+00
6.20000e-10 7.60000e-10 3.58526e+00
6.20000e-10 7.80000e-10 3.95126e+00
6.20000e-10 8.00000e-10 5.00042e+00
6.20000e-10 8.20000e-10 5.07838e+00
6.20000e-10 8.40000e-10 5.00116e+00
6.20000e-10 8.60000e-10 4.99890e+00
6.20000e-10 8.80000e-10 5.05924e+00
6.20000e-10 9.00000e-10 5.00119e+00
6.20000e-10 9.20000e-10 3.95138e+00
6.20000e-10 9.40000e-10 2.88141e+00
6.20000e-10 9.60000e-10 1.95457e+00
6.20000e-10 9.80000e-10 1.12822e+00

6.40000e-10 0.00000e+00 3.64528e-01
6.40000e-10 2.00000e-11 -1.97060e-01
6.40000e-10 4.00000e-11 -6.18689e-01
6.40000e-10 6.00000e-11 -9.92794e-01
6.40000e-10 8.00000e-11 -1.04875e+00
6.40000e-10 1.00000e-10 -2.38546e-03
6.40000e-10 1.20000e-10 8.26439e-02
6.40000e-10 1.40000e-10 6.31219e-05
6.40000e-10 1.60000e-10 1.02581e-03
6.40000e-10 1.80000e-10 8.60597e-02
6.40000e-10 2.00000e-10 -2.74115e-03
6.40000e-10 2.20000e-10 -1.04839e+00
6.40000e-10 2.40000e-10 -8.30335e-01
6.40000e-10 2.60000e-10 -2.91715e-01
6.40000e-10 2.80000e-10 2.42719e-01
6.40000e-10 3.00000e-10 8.37896e-01
6.40000e-10 3.20000e-10 1.44274e+00
6.40000e-10 3.40000e-10 2.06287e+00
6.40000e-10 3.60000e-10 2.66155e+00
6.40000e-10 3.80000e-10 3.23169e+00
6.40000e-10 4.00000e-10 3.74684e+00
6.40000e-10 4.20000e-10 4.19576e+00
6.40000e-10 4.40000e-10 4.56279e+00
6.40000e-10 4.60000e-10 4.85307e+00
6.40000e-10 4.80000e-10 5.05640e+00
6.40000e-10 5.00000e-10 5.18334e+00
6.40000e-10 5.20000e-10 5.22747e+00
6.40000e-10 5.40000e-10 5.20143e+00
6.40000e-10 5.60000e-10 5.10202e+00
6.40000e-10 5.80000e-10 4.94668e+00
6.40000e-10 6.00000e-10 4.73642e+00
6.40000e-10 6.20000e-10 4.50338e+00
6.40000e-10 6.40000e-10 4.25572e+00
6.40000e-10 6.60000e-10 4.02551e+00
6.40000e-10 6.80000e-10 3.82297e+00
6.40000e-10 7.00000e-10 3.68075e+00
6.40000e-10 7.20000e-10 3.59535e+00
6.40000e-10 7.40000e-10 3.60439e+00
6.40000e-10 7.60000e-10 3.65378e+00
6.40000e-10 7.80000e-10 3.94956e+00
6.40000e-10 8.00000e-10 4.99263e+00
6.40000e-10 8.20000e-10 5.08050e+00
6.40000e-10 8.40000e-10 5.01063e+00
6.40000e-10 8.60000e-10 5.00910e+00
6.40000e-10 8.80000e-10 5.05999e+00
6.40000e-10 9.00000e-10 4.99428e+00
6.40000e-10 9.20000e-10 3.94520e+00
6.40000e-10 9.40000e-10 2.83560e+00
6.40000e-10 9.60000e-10 1.87611e+00
6.40000e-10 9.80000e-10 1.04110e+00

6.60000e-10 0.00000e+00 2.49780e-01
6.60000e-10 2.00000e-11 -2.83760e-01
6.60000e-10 4.00000e-11 -6.76640e-01
6.60000e-10 6.00000e-11 -1.01896e+00
6.60000e-10 8.00000e-11 -1.04879e+00
6.60000e-10 1.00000e-10 -2.22939e-03
6.60000e-10 1.20000e-10 8.22436e-02
6.60000e-10 1.40000e-10 1.59144e-03
6.60000e-10 1.60000e-10 2.61914e-03
6.60000e-10 1.80000e-10 9.00899e-02
6.60000e-10 2.00000e-10 -2.66871e-03
6.60000e-10 2.20000e-10 -1.04826e+00
6.60000e-10 2.40000e-10 -7.20959e-01
6.60000e-10 2.60000e-10 -5.27565e-02
6.60000e-10 2.80000e-10 6.10076e-01
6.60000e-10 3.00000e-10 1.33755e+00
6.60000e-10 3.20000e-10 2.07567e+00
6.60000e-10 3.40000e-10 2.82799e+00
6.60000e-10 3.60000e-10 3.55344e+00
6.60000e-10 3.80000e-10 4.23791e+00
6.60000e-10 4.00000e-10 4.84115e+00
6.60000e-10 4.20000e-10 5.36256e+00
6.60000e-10 4.40000e-10 5.77860e+00
6.60000e-10 4.60000e-10 6.09568e+00
6.60000e-10 4.80000e-10 6.30778e+00
6.60000e-10 5.00000e-10 6.42730e+00
6.60000e-10 5.20000e-10 6.44878e+00
6.60000e-10 5.40000e-10 6.38355e+00
6.60000e-10 5.60000e-10 6.22606e+00
6.60000e-10 5.80000e-10 5.99293e+00
6.60000e-10 6.00000e-10 5.69251e+00
6.60000e-10 6.20000e-10 5.34886e+00
6.60000e-10 6.40000e-10 4.98200e+00
6.60000e-10 6.60000e-10 4.63114e+00
6.60000e-10 6.80000e-10 4.30946e+00
6.60000e-10 7.00000e-10 4.05425e+00
6.60000e-10 7.20000e-10 3.86194e+00
6.60000e-10 7.40000e-10 3.77433e+00
6.60000e-10 7.60000e-10 3.73097e+00
6.60000e-10 7.80000e-10 3.95135e+00
6.60000e-10 8.00000e-10 5.01111e+00
6.60000e-10 8.20000e-10 5.13353e+00
6.60000e-10 8.40000e-10 5.07968e+00
6.60000e-10 8.60000e-10 5.07737e+00
6.60000e-10 8.80000e-10 5.10393e+00
6.60000e-10 9.00000e-10 5.00789e+00
6.60000e-10 9.20000e-10 3.95759e+00
6.60000e-10 9.40000e-10 2.75471e+00
6.60000e-10 9.60000e-10 1.74145e+00
6.60000e-10 9.80000e-10 9.08023e-01

6.80000e-10 0.00000e+00 9.47594e-02
6.80000e-10 2.00000e-11 -3.95421e-01
6.80000e-10 4.00000e-11 -7.49307e-01
6.80000e-10 6.00000e-11 -1.05136e+00
6.80000e-10 8.00000e-11 -1.04885e+00
6.80000e-10 1.00000e-10 -2.07543e-03
6.80000e-10 1.20000e-10 8.12454e-02
6.80000e-10 1.40000e-10 2.85600e-03
6.80000e-10 1.60000e-10 3.73051e-03
6.80000e-10 1.80000e-10 9.41910e-02
6.80000e-10 2.00000e-10 -2.80403e-03
6.80000e-10 2.20000e-10 -1.04811e+00
6.80000e-10 2.40000e-10 -5.97098e-01
6.80000e-10 2.60000e-10 2.19303e-01
6.80000e-10 2.80000e-10 1.03064e+00
6.80000e-10 3.00000e-10 1.91492e+00
6.80000e-10 3.20000e-10 2.81438e+00
6.80000e-10 3.40000e-10 3.73158e+00
6.80000e-10 3.60000e-10 4.61528e+00
6.80000e-10 3.80000e-10 5.44251e+00
6.80000e-10 4.00000e-10 6.17077e+00
6.80000e-10 4.20000e-10 6.77481e+00
6.80000e-10 4.40000e-10 7.24142e+00
6.80000e-10 4.60000e-10 7.58348e+00
6.80000e-10 4.80000e-10 7.80096e+00
6.80000e-10 5.00000e-10 7.91027e+00
6.80000e-10 5.20000e-10 7.90716e+00
6.80000e-10 5.40000e-10 7.79953e+00
6.80000e-10 5.60000e-10 7.57831e+00
6.80000e-10 5.80000e-10 7.25444e+00
6.80000e-10 6.00000e-10 6.82915e+00
6.80000e-10 6.20000e-10 6.34721e+00
6.80000e-10 6.40000e-10 5.83172e+00
6.80000e-10 6.60000e-10 5.32986e+00
6.80000e-10 6.80000e-10 4.86364e+00
6.80000e-10 7.00000e-10 4.47260e+00
6.80000e-10 7.20000e-10 4.15613e+00
6.80000e-10 7.40000e-10 3.95614e+00
6.80000e-10 7.60000e-10 3.82098e+00
6.80000e-10 7.80000e-10 3.96228e+00
6.80000e-10 8.00000e-10 4.96182e+00
6.80000e-10 8.20000e-10 5.01339e+00
6.80000e-10 8.40000e-10 4.99454e+00
6.80000e-10 8.60000e-10 4.99618e+00
6.80000e-10 8.80000e-10 5.00475e+00
6.80000e-10 9.00000e-10 4.98746e+00
6.80000e-10 9.20000e-10 3.94611e+00
6.80000e-10 9.40000e-10 2.54190e+00
6.80000e-10 9.60000e-10 1.50600e+00
6.80000e-10 9.80000e-10 7.12250e-01

7.00000e-10 0.00000e+00 -9.70757e-02
7.00000e-10 2.00000e-11 -5.31674e-01
7.00000e-10 4.00000e-11 -8.34292e-01
7.00000e-10 6.00000e-11 -1.09024e+00
7.00000e-10 8.00000e-11 -1.04891e+00
7.00000e-10 1.00000e-10 -2.29109e-03
7.00000e-10 1.20000e-10 7.99020e-02
7.00000e-10 1.40000e-10 3.70341e-03
7.00000e-10 1.60000e-10 4.36390e-03
7.00000e-10 1.80000e-10 9.83655e-02
7.00000e-10 2.00000e-10 -3.49268e-03
7.00000e-10 2.20000e-10 -1.04761e+00
7.00000e-10 2.40000e-10 -4.60801e-01
7.00000e-10 2.60000e-10 5.21271e-01
7.00000e-10 2.80000e-10 1.49991e+00
7.00000e-10 3.00000e-10 2.56749e+00
7.00000e-10 3.20000e-10 3.66024e+00
7.00000e-10 3.40000e-10 4.78407e+00
7.00000e-10 3.60000e-10 5.87352e+00
7.00000e-10 3.80000e-10 6.89120e+00
7.00000e-10 4.00000e-10 7.75570e+00
7.00000e-10 4.20000e-10 8.45942e+00
7.00000e-10 4.40000e-10 8.97643e+00
7.00000e-10 4.60000e-10 9.33628e+00
7.00000e-10 4.80000e-10 9.55172e+00
7.00000e-10 5.00000e-10 9.64764e+00
7.00000e-10 5.20000e-10 9.62044e+00
7.00000e-10 5.40000e-10 9.47157e+00
7.00000e-10 5.60000e-10 9.18188e+00
7.00000e-10 5.80000e-10 8.74788e+00
7.00000e-10 6.00000e-10 8.18374e+00
7.00000e-10 6.20000e-10 7.51832e+00
7.00000e-10 6.40000e-10 6.81200e+00
7.00000e-10 6.60000e-10 6.11937e+00
7.00000e-10 6.80000e-10 5.48204e+00
7.00000e-10 7.00000e-10 4.92657e+00
7.00000e-10 7.20000e-10 4.47321e+00
7.00000e-10 7.40000e-10 4.13119e+00
7.00000e-10 7.60000e-10 3.91325e+00
7.00000e-10 7.80000e-10 3.86612e+00
7.00000e-10 8.00000e-10 3.96081e+00
7.00000e-10 8.20000e-10 3.95043e+00
7.00000e-10 8.40000e-10 3.95026e+00
7.00000e-10 8.60000e-10 3.94607e+00
7.00000e-10 8.80000e-10 3.95819e+00
7.00000e-10 9.00000e-10 3.94747e+00
7.00000e-10 9.20000e-10 3.05536e+00
7.00000e-10 9.40000e-10 2.01259e+00
7.00000e-10 9.60000e-10 1.15159e+00
7.00000e-10 9.80000e-10 4.47422e-01

7.20000e-10 0.00000e+00 -3.17939e-01
7.20000e-10 2.00000e-11 -6.83201e-01
7.20000e-10 4.00000e-11 -9.30042e-01
7.20000e-10 6.00000e-11 -1.13229e+00
7.20000e-10 8.00000e-11 -1.04899e+00
7.20000e-10 1.00000e-10 -1.65577e-03
7.20000e-10 1.20000e-10 7.95461e-02
7.20000e-10 1.40000e-10 6.38209e-03
7.20000e-10 1.60000e-10 6.80823e-03
7.20000e-10 1.80000e-10 1.04514e-01
7.20000e-10 2.00000e-10 -3.03676e-03
7.20000e-10 2.20000e-10 -1.04759e+00
7.20000e-10 2.40000e-10 -3.14786e-01
7.20000e-10 2.60000e-10 8.45418e-01
7.20000e-10 2.80000e-10 2.00933e+00
7.20000e-10 3.00000e-10 3.28425e+00
7.20000e-10 3.20000e-10 4.60766e+00
7.20000e-10 3.40000e-10 5.98915e+00
7.20000e-10 3.60000e-10 7.34752e+00
7.20000e-10 3.80000e-10 8.61794e+00
7.20000e-10 4.00000e-10 9.69131e+00
7.20000e-10 4.20000e-10 1.04923e+01
7.20000e-10 4.40000e-10 1.10359e+01
7.20000e-10 4.60000e-10 1.13885e+01
7.20000e-10 4.80000e-10 1.15864e+01
7.20000e-10 5.00000e-10 1.16641e+01
7.20000e-10 5.20000e-10 1.16196e+01
7.20000e-10 5.40000e-10 1.14442e+01
7.20000e-10 5.60000e-10 1.11006e+01
7.20000e-10 5.80000e-10 1.05524e+01
7.20000e-10 6.00000e-10 9.78241e+00
7.20000e-10 6.20000e-10 8.87651e+00
7.20000e-10 6.40000e-10 7.92138e+00
7.20000e-10 6.60000e-10 6.99405e+00
7.20000e-10 6.80000e-10 6.14962e+00
7.20000e-10 7.00000e-10 5.41094e+00
7.20000e-10 7.20000e-10 4.79616e+00
7.20000e-10 7.40000e-10 4.30332e+00
7.20000e-10 7.60000e-10 3.94118e+00
7.20000e-10 7.80000e-10 3.68705e+00
7.20000e-10 8.00000e-10 3.49474e+00
7.20000e-10 8.20000e-10 3.34641e+00
7.20000e-10 8.40000e-10 3.22532e+00
7.20000e-10 8.60000e-10 3.09770e+00
7.20000e-10 8.80000e-10 2.95133e+00
7.20000e-10 9.00000e-10 2.67768e+00
7.20000e-10 9.20000e-10 2.09326e+00
7.20000e-10 9.40000e-10 1.38387e+00
7.20000e-10 9.60000e-10 7.19732e-01
7.20000e-10 9.80000e-10 1.41440e-01

7.40000e-10 0.00000e+00 -5.48267e-01
7.40000e-10 2.00000e-11 -8.42262e-01
7.40000e-10 4.00000e-11 -1.03020e+00
7.40000e-10 6.00000e-11 -1.17666e+00
7.40000e-10 8.00000e-11 -1.04921e+00
7.40000e-10 1.00000e-10 -2.29260e-03
7.40000e-10 1.20000e-10 7.68391e-02
7.40000e-10 1.40000e-10 6.11608e-03
7.40000e-10 1.60000e-10 6.50403e-03
7.40000e-10 1.80000e-10 1.07302e-01
7.40000e-10 2.00000e-10 -4.42050e-03
7.40000e-10 2.20000e-10 -1.04692e+00
7.40000e-10 2.40000e-10 -1.63479e-01
7.40000e-10 2.60000e-10 1.18098e+00
7.40000e-10 2.80000e-10 2.54190e+00
7.40000e-10 3.00000e-10 4.04375e+00
7.40000e-10 3.20000e-10 5.63447e+00
7.40000e-10 3.40000e-10 7.33479e+00
7.40000e-10 3.60000e-10 9.06369e+00
7.40000e-10 3.80000e-10 1.07103e+01
7.40000e-10 4.00000e-10 1.20210e+01
7.40000e-10 4.20000e-10 1.29100e+01
7.40000e-10 4.40000e-10 1.34251e+01
7.40000e-10 4.60000e-10 1.37245e+01
7.40000e-10 4.80000e-10 1.38807e+01
7.40000e-10 5.00000e-10 1.39359e+01
7.40000e-10 5.20000e-10 1.38880e+01
7.40000e-10 5.40000e-10 1.37200e+01
7.40000e-10 5.60000e-10 1.33635e+01
7.40000e-10 5.80000e-10 1.27030e+01
7.40000e-10 6.00000e-10 1.16947e+01
7.40000e-10 6.20000e-10 1.04387e+01
7.40000e-10 6.40000e-10 9.14552e+00
7.40000e-10 6.60000e-10 7.93074e+00
7.40000e-10 6.80000e-10 6.84682e+00
7.40000e-10 7.00000e-10 5.90815e+00
7.40000e-10 7.20000e-10 5.11941e+00
7.40000e-10 7.40000e-10 4.46908e+00
7.40000e-10 7.60000e-10 3.95035e+00
7.40000e-10 7.80000e-10 3.53832e+00
7.40000e-10 8.00000e-10 3.21526e+00
7.40000e-10 8.20000e-10 2.93396e+00
7.40000e-10 8.40000e-10 2.68418e+00
7.40000e-10 8.60000e-10 2.43475e+00
7.40000e-10 8.80000e-10 2.16001e+00
7.40000e-10 9.00000e-10 1.80035e+00
7.40000e-10 9.20000e-10 1.33805e+00
7.40000e-10 9.40000e-10 8.04087e-01
7.40000e-10 9.60000e-10 2.87121e-01
7.40000e-10 9.80000e-10 -1.75336e-01

7.60000e-10 0.00000e+00 -7.72136e-01
7.60000e-10 2.00000e-11 -9.99495e-01
7.60000e-10 4.00000e-11 -1.12978e+00
7.60000e-10 6.00000e-11 -1.22094e+00
7.60000e-10 8.00000e-11 -1.04914e+00
7.60000e-10 1.00000e-10 -1.16463e-03
7.60000e-10 1.20000e-10 7.78241e-02
7.60000e-10 1.40000e-10 1.07958e-02
7.60000e-10 1.60000e-10 1.06291e-02
7.60000e-10 1.80000e-10 1.15848e-01
7.60000e-10 2.00000e-10 -3.06866e-03
7.60000e-10 2.20000e-10 -1.04722e+00
7.60000e-10 2.40000e-10 -1.58194e-02
7.60000e-10 2.60000e-10 1.51406e+00
7.60000e-10 2.80000e-10 3.07119e+00
7.60000e-10 3.00000e-10 4.81051e+00
7.60000e-10 3.20000e-10 6.68945e+00
7.60000e-10 3.40000e-10 8.77407e+00
7.60000e-10 3.60000e-10 1.09857e+01
7.60000e-10 3.80000e-10 1.32353e+01
7.60000e-10 4.00000e-10 1.51054e+01
7.60000e-10 4.20000e-10 1.58861e+01
7.60000e-10 4.40000e-10 1.61917e+01
7.60000e-10 4.60000e-10 1.63627e+01
7.60000e-10 4.80000e-10 1.64416e+01
7.60000e-10 5.00000e-10 1.64693e+01
7.60000e-10 5.20000e-10 1.64408e+01
7.60000e-10 5.40000e-10 1.63382e+01
7.60000e-10 5.60000e-10 1.61161e+01
7.60000e-10 5.80000e-10 1.55015e+01
7.60000e-10 6.00000e-10 1.39701e+01
7.60000e-10 6.20000e-10 1.21653e+01
7.60000e-10 6.40000e-10 1.04382e+01
7.60000e-10 6.60000e-10 8.88142e+00
7.60000e-10 6.80000e-10 7.54119e+00
7.60000e-10 7.00000e-10 6.39421e+00
7.60000e-10 7.20000e-10 5.43384e+00
7.60000e-10 7.40000e-10 4.62816e+00
7.60000e-10 7.60000e-10 3.96730e+00
7.60000e-10 7.80000e-10 3.41541e+00
7.60000e-10 8.00000e-10 2.95618e+00
7.60000e-10 8.20000e-10 2.55860e+00
7.60000e-10 8.40000e-10 2.20779e+00
7.60000e-10 8.60000e-10 1.86862e+00
7.60000e-10 8.80000e-10 1.52799e+00
7.60000e-10 9.00000e-10 1.15150e+00
7.60000e-10 9.20000e-10 7.39831e-01
7.60000e-10 9.40000e-10 3.05972e-01
7.60000e-10 9.60000e-10 -1.06283e-01
7.60000e-10 9.80000e-10 -4.76807e-01

7.80000e-10 0.00000e+00 -9.79387e-01
7.80000e-10 2.00000e-11 -1.14765e+00
7.80000e-10 4.00000e-11 -1.22491e+00
7.80000e-10 6.00000e-11 -1.26351e+00
7.80000e-10 8.00000e-11 -1.04964e+00
7.80000e-10 1.00000e-10 -2.33972e-03
7.80000e-10 1.20000e-10 7.37335e-02
7.80000e-10 1.40000e-10 9.99808e-03
7.80000e-10 1.60000e-10 8.33194e-03
7.80000e-10 1.80000e-10 1.17176e-01
7.80000e-10 2.00000e-10 -5.94650e-03
7.80000e-10 2.20000e-10 -1.04574e+00
7.80000e-10 2.40000e-10 1.23739e-01
7.80000e-10 2.60000e-10 1.82653e+00
7.80000e-10 2.80000e-10 3.56686e+00
7.80000e-10 3.00000e-10 5.53111e+00
7.80000e-10 3.20000e-10 7.69073e+00
7.80000e-10 3.40000e-10 1.01813e+01
7.80000e-10 3.60000e-10 1.30225e+01
7.80000e-10 3.80000e-10 1.62202e+01
7.80000e-10 4.00000e-10 1.89188e+01
7.80000e-10 4.20000e-10 1.89718e+01
7.80000e-10 4.40000e-10 1.89394e+01
7.80000e-10 4.60000e-10 1.89527e+01
7.80000e-10 4.80000e-10 1.89477e+01
7.80000e-10 5.00000e-10 1.89487e+01
7.80000e-10 5.20000e-10 1.89515e+01
7.80000e-10 5.40000e-10 1.89411e+01
7.80000e-10 5.60000e-10 1.89681e+01
7.80000e-10 5.80000e-10 1.89252e+01
7.80000e-10 6.00000e-10 1.66081e+01
7.80000e-10 6.20000e-10 1.39620e+01
7.80000e-10 6.40000e-10 1.16855e+01
7.80000e-10 6.60000e-10 9.77196e+00
7.80000e-10 6.80000e-10 8.18453e+00
7.80000e-10 7.00000e-10 6.84166e+00
7.80000e-10 7.20000e-10 5.72347e+00
7.80000e-10 7.40000e-10 4.77652e+00
7.80000e-10 7.60000e-10 3.99040e+00
7.80000e-10 7.80000e-10 3.32060e+00
7.80000e-10 8.00000e-10 2.76065e+00
7.80000e-10 8.20000e-10 2.26583e+00
7.80000e-10 8.40000e-10 1.83283e+00
7.80000e-10 8.60000e-10 1.42575e+00
7.80000e-10 8.80000e-10 1.04184e+00
7.80000e-10 9.00000e-10 6.53509e-01
7.80000e-10 9.20000e-10 2.72907e-01
7.80000e-10 9.40000e-10 -1.04900e-01
7.80000e-10 9.60000e-10 -4.47604e-01
7.80000e-10 9.80000e-10 -7.48326e-01

8.00000e-10 0.00000e+00 -1.16488e+00
8.00000e-10 2.00000e-11 -1.28321e+00
8.00000e-10 4.00000e-11 -1.31214e+00
8.00000e-10 6.00000e-11 -1.30465e+00
8.00000e-10 8.00000e-11 -1.04907e+00
8.00000e-10 1.00000e-10 -6.04640e-04
8.00000e-10 1.20000e-10 8.06749e-02
8.00000e-10 1.40000e-10 1.59487e-02
8.00000e-10 1.60000e-10 1.91700e-02
8.00000e-10 1.80000e-10 1.23927e-01
8.00000e-10 2.00000e-10 -2.36682e-03
8.00000e-10 2.20000e-10 -1.04745e+00
8.00000e-10 2.40000e-10 2.52089e-01
8.00000e-10 2.60000e-10 2.09576e+00
8.00000e-10 2.80000e-10 4.00539e+00
8.00000e-10 3.00000e-10 6.13942e+00
8.00000e-10 3.20000e-10 8.54688e+00
8.00000e-10 3.40000e-10 1.13126e+01
8.00000e-10 3.60000e-10 1.47878e+01
8.00000e-10 3.80000e-10 1.89174e+01
8.00000e-10 4.00000e-10 2.00435e+01
8.00000e-10 4.20000e-10 1.99921e+01
8.00000e-10 4.40000e-10 1.99986e+01
8.00000e-10 4.60000e-10 2.00020e+01
8.00000e-10 4.80000e-10 2.00023e+01
8.00000e-10 5.00000e-10 2.00018e+01
8.00000e-10 5.20000e-10 2.00023e+01
8.00000e-10 5.40000e-10 1.99982e+01
8.00000e-10 5.60000e-10 1.99962e+01
8.00000e-10 5.80000e-10 2.00308e+01
8.00000e-10 6.00000e-10 1.89259e+01
8.00000e-10 6.20000e-10 1.54866e+01
8.00000e-10 6.40000e-10 1.26768e+01
8.00000e-10 6.60000e-10 1.05209e+01
8.00000e-10 6.80000e-10 8.71821e+00
8.00000e-10 7.00000e-10 7.22748e+00
8.00000e-10 7.20000e-10 5.96650e+00
8.00000e-10 7.40000e-10 4.90930e+00
8.00000e-10 7.60000e-10 4.01067e+00
8.00000e-10 7.80000e-10 3.24935e+00
8.00000e-10 8.00000e-10 2.59306e+00
8.00000e-10 8.20000e-10 2.02599e+00
8.00000e-10 8.40000e-10 1.52386e+00
8.00000e-10 8.60000e-10 1.07152e+00
8.00000e-10 8.80000e-10 6.54186e-01
8.00000e-10 9.00000e-10 2.63271e-01
8.00000e-10 9.20000e-10 -1.03368e-01
8.00000e-10 9.40000e-10 -4.41092e-01
8.00000e-10 9.60000e-10 -7.37231e-01
8.00000e-10 9.80000e-10 -9.84893e-01

8.20000e-10 0.00000e+00 -1.32759e+00
8.20000e-10 2.00000e-11 -1.40419e+00
8.20000e-10 4.00000e-11 -1.39211e+00
8.20000e-10 6.00000e-11 -1.34117e+00
8.20000e-10 8.00000e-11 -1.04968e+00
8.20000e-10 1.00000e-10 -3.04594e-03
8.20000e-10 1.20000e-10 7.61512e-02
8.20000e-10 1.40000e-10 1.49527e-02
8.20000e-10 1.60000e-10 1.69335e-02
8.20000e-10 1.80000e-10 1.22168e-01
8.20000e-10 2.00000e-10 -7.29875e-03
8.20000e-10 2.20000e-10 -1.04531e+00
8.20000e-10 2.40000e-10 3.56721e-01
8.20000e-10 2.60000e-10 2.32244e+00
8.20000e-10 2.80000e-10 4.35096e+00
8.20000e-10 3.00000e-10 6.61571e+00
8.20000e-10 3.20000e-10 9.15379e+00
8.20000e-10 3.40000e-10 1.20532e+01
8.20000e-10 3.60000e-10 1.54885e+01
8.20000e-10 3.80000e-10 1.89698e+01
8.20000e-10 4.00000e-10 1.99950e+01
8.20000e-10 4.20000e-10 2.00044e+01
8.20000e-10 4.40000e-10 1.99979e+01
8.20000e-10 4.60000e-10 1.99939e+01
8.20000e-10 4.80000e-10 1.99953e+01
8.20000e-10 5.00000e-10 1.99965e+01
8.20000e-10 5.20000e-10 1.99983e+01
8.20000e-10 5.40000e-10 2.00045e+01
8.20000e-10 5.60000e-10 2.00207e+01
8.20000e-10 5.80000e-10 1.99957e+01
8.20000e-10 6.00000e-10 1.89675e+01
8.20000e-10 6.20000e-10 1.60879e+01
8.20000e-10 6.40000e-10 1.33146e+01
8.20000e-10 6.60000e-10 1.10406e+01
8.20000e-10 6.80000e-10 9.12183e+00
8.20000e-10 7.00000e-10 7.51795e+00
8.20000e-10 7.20000e-10 6.15857e+00
8.20000e-10 7.40000e-10 5.00904e+00
8.20000e-10 7.60000e-10 4.02786e+00
8.20000e-10 7.80000e-10 3.18926e+00
8.20000e-10 8.00000e-10 2.46656e+00
8.20000e-10 8.20000e-10 1.83785e+00
8.20000e-10 8.40000e-10 1.28552e+00
8.20000e-10 8.60000e-10 7.94399e-01
8.20000e-10 8.80000e-10 3.53980e-01
8.20000e-10 9.00000e-10 -4.44129e-02
8.20000e-10 9.20000e-10 -4.00410e-01
8.20000e-10 9.40000e-10 -7.15369e-01
8.20000e-10 9.60000e-10 -9.78649e-01
8.20000e-10 9.80000e-10 -1.18790e+00

8.40000e-10 0.00000e+00 -1.46906e+00
8.40000e-10 2.00000e-11 -1.51190e+00
8.40000e-10 4.00000e-11 -1.46482e+00
8.40000e-10 6.00000e-11 -1.37466e+00
8.40000e-10 8.00000e-11 -1.04899e+00
8.40000e-10 1.00000e-10 9.89479e-04
8.40000e-10 1.20000e-10 8.89894e-02
8.40000e-10 1.40000e-10 3.53477e-02
8.40000e-10 1.60000e-10 3.72749e-02
8.40000e-10 1.80000e-10 1.42085e-01
8.40000e-10 2.00000e-10 -1.57329e-03
8.40000e-10 2.20000e-10 -1.04795e+00
8.40000e-10 2.40000e-10 4.38774e-01
8.40000e-10 2.60000e-10 2.49997e+00
8.40000e-10 2.80000e-10 4.60537e+00
8.40000e-10 3.00000e-10 6.94163e+00
8.40000e-10 3.20000e-10 9.52791e+00
8.40000e-10 3.40000e-10 1.24370e+01
8.40000e-10 3.60000e-10 1.57272e+01
8.40000e-10 3.80000e-10 1.89412e+01
8.40000e-10 4.00000e-10 2.00009e+01
8.40000e-10 4.20000e-10 1.99999e+01
8.40000e-10 4.40000e-10 1.99660e+01
8.40000e-10 4.60000e-10 1.99534e+01
8.40000e-10 4.80000e-10 1.99503e+01
8.40000e-10 5.00000e-10 1.99516e+01
8.40000e-10 5.20000e-10 1.99571e+01
8.40000e-10 5.40000e-10 1.99720e+01
8.40000e-10 5.60000e-10 2.00134e+01
8.40000e-10 5.80000e-10 1.99998e+01
8.40000e-10 6.00000e-10 1.89435e+01
8.40000e-10 6.20000e-10 1.62885e+01
8.40000e-10 6.40000e-10 1.36335e+01
8.40000e-10 6.60000e-10 1.13444e+01
8.40000e-10 6.80000e-10 9.37719e+00
8.40000e-10 7.00000e-10 7.70921e+00
8.40000e-10 7.20000e-10 6.28722e+00
8.40000e-10 7.40000e-10 5.07344e+00
8.40000e-10 7.60000e-10 4.03275e+00
8.40000e-10 7.80000e-10 3.13559e+00
8.40000e-10 8.00000e-10 2.35960e+00
8.40000e-10 8.20000e-10 1.68360e+00
8.40000e-10 8.40000e-10 1.09355e+00
8.40000e-10 8.60000e-10 5.72884e-01
8.40000e-10 8.80000e-10 1.15337e-01
8.40000e-10 9.00000e-10 -2.89110e-01
8.40000e-10 9.20000e-10 -6.39606e-01
8.40000e-10 9.40000e-10 -9.38846e-01
8.40000e-10 9.60000e-10 -1.17894e+00
8.40000e-10 9.80000e-10 -1.36029e+00

8.60000e-10 0.00000e+00 -1.59229e+00
8.60000e-10 2.00000e-11 -1.60904e+00
8.60000e-10 4.00000e-11 -1.53284e+00
8.60000e-10 6.00000e-11 -1.40751e+00
8.60000e-10 8.00000e-11 -1.05215e+00
8.60000e-10 1.00000e-10 -7.89017e-03
8.60000e-10 1.20000e-10 8.41978e-02
8.60000e-10 1.40000e-10 3.88206e-02
8.60000e-10 1.60000e-10 3.92151e-02
8.60000e-10 1.80000e-10 1.37234e-01
8.60000e-10 2.00000e-10 -1.16729e-02
8.60000e-10 2.20000e-10 -1.04387e+00
8.60000e-10 2.40000e-10 5.15413e-01
8.60000e-10 2.60000e-10 2.63968e+00
8.60000e-10 2.80000e-10 4.78041e+00
8.60000e-10 3.00000e-10 7.13062e+00
8.60000e-10 3.20000e-10 9.70820e+00
8.60000e-10 3.40000e-10 1.25835e+01
8.60000e-10 3.60000e-10 1.58061e+01
8.60000e-10 3.80000e-10 1.89432e+01
8.60000e-10 4.00000e-10 1.99982e+01
8.60000e-10 4.20000e-10 1.99991e+01
8.60000e-10 4.40000e-10 1.99657e+01
8.60000e-10 4.60000e-10 1.99539e+01
8.60000e-10 4.80000e-10 1.99506e+01
8.60000e-10 5.00000e-10 1.99519e+01
8.60000e-10 5.20000e-10 1.99574e+01
8.60000e-10 5.40000e-10 1.99716e+01
8.60000e-10 5.60000e-10 2.00121e+01
8.60000e-10 5.80000e-10 1.99972e+01
8.60000e-10 6.00000e-10 1.89451e+01
8.60000e-10 6.20000e-10 1.63466e+01
8.60000e-10 6.40000e-10 1.37376e+01
8.60000e-10 6.60000e-10 1.14650e+01
8.60000e-10 6.80000e-10 9.49252e+00
8.60000e-10 7.00000e-10 7.80350e+00
8.60000e-10 7.20000e-10 6.35124e+00
8.60000e-10 7.40000e-10 5.10112e+00
8.60000e-10 7.60000e-10 4.02157e+00
8.60000e-10 7.80000e-10 3.08514e+00
8.60000e-10 8.00000e-10 2.27268e+00
8.60000e-10 8.20000e-10 1.56252e+00
8.60000e-10 8.40000e-10 9.43603e-01
8.60000e-10 8.60000e-10 4.00765e-01
8.60000e-10 8.80000e-10 -7.11306e-02
8.60000e-10 9.00000e-10 -4.81691e-01
8.60000e-10 9.20000e-10 -8.29538e-01
8.60000e-10 9.40000e-10 -1.11947e+00
8.60000e-10 9.60000e-10 -1.34445e+00
8.60000e-10 9.80000e-10 -1.50607e+00

8.80000e-10 0.00000e+00 -1.70081e+00
8.80000e-10 2.00000e-11 -1.69955e+00
8.80000e-10 4.00000e-11 -1.60140e+00
8.80000e-10 6.00000e-11 -1.44161e+00
8.80000e-10 8.00000e-11 -1.04724e+00
8.80000e-10 1.00000e-10 1.26727e-02
8.80000e-10 1.20000e-10 1.39693e-01
8.80000e-10 1.40000e-10 1.14012e-01
8.80000e-10 1.60000e-10 1.14475e-01
8.80000e-10 1.80000e-10 1.98367e-01
8.80000e-10 2.00000e-10 1.52735e-02
8.80000e-10 2.20000e-10 -1.05598e+00
8.80000e-10 2.40000e-10 6.01027e-01
8.80000e-10 2.60000e-10 2.77315e+00
8.80000e-10 2.80000e-10 4.89718e+00
8.80000e-10 3.00000e-10 7.20487e+00
8.80000e-10 3.20000e-10 9.72023e+00
8.80000e-10 3.40000e-10 1.25282e+01
8.80000e-10 3.60000e-10 1.57477e+01
8.80000e-10 3.80000e-10 1.89639e+01
8.80000e-10 4.00000e-10 2.00070e+01
8.80000e-10 4.20000e-10 2.00483e+01
8.80000e-10 4.40000e-10 2.00434e+01
8.80000e-10 4.60000e-10 2.00418e+01
8.80000e-10 4.80000e-10 2.00425e+01
8.80000e-10 5.00000e-10 2.00435e+01
8.80000e-10 5.20000e-10 2.00447e+01
8.80000e-10 5.40000e-10 2.00483e+01
8.80000e-10 5.60000e-10 2.00609e+01
8.80000e-10 5.80000e-10 2.00068e+01
8.80000e-10 6.00000e-10 1.89626e+01
8.80000e-10 6.20000e-10 1.62825e+01
8.80000e-10 6.40000e-10 1.36579e+01
8.80000e-10 6.60000e-10 1.14243e+01
8.80000e-10 6.80000e-10 9.48321e+00
8.80000e-10 7.00000e-10 7.81006e+00
8.80000e-10 7.20000e-10 6.35657e+00
8.80000e-10 7.40000e-10 5.09446e+00
8.80000e-10 7.60000e-10 3.99487e+00
8.80000e-10 7.80000e-10 3.03487e+00
8.80000e-10 8.00000e-10 2.19660e+00
8.80000e-10 8.20000e-10 1.46303e+00
8.80000e-10 8.40000e-10 8.23382e-01
8.80000e-10 8.60000e-10 2.64644e-01
8.80000e-10 8.80000e-10 -2.18157e-01
8.80000e-10 9.00000e-10 -6.33248e-01
8.80000e-10 9.20000e-10 -9.80982e-01
8.80000e-10 9.40000e-10 -1.26484e+00
8.80000e-10 9.60000e-10 -1.48042e+00
8.80000e-10 9.80000e-10 -1.62915e+00

9.00000e-10 0.00000e+00 -1.79736e+00
9.00000e-10 2.00000e-11 -1.78756e+00
9.00000e-10 4.00000e-11 -1.68122e+00
9.00000e-10 6.00000e-11 -1.49323e+00
9.00000e-10 8.00000e-11 -1.04362e+00
9.00000e-10 1.00000e-10 -3.19592e-02
9.00000e-10 1.20000e-10 8.60004e-03
9.00000e-10 1.40000e-10 -3.83783e-03
9.00000e-10 1.60000e-10 -7.35285e-03
9.00000e-10 1.80000e-10 2.54094e-02
9.00000e-10 2.00000e-10 -7.01967e-02
9.00000e-10 2.20000e-10 -1.01844e+00
9.00000e-10 2.40000e-10 8.27677e-01
9.00000e-10 2.60000e-10 2.94861e+00
9.00000e-10 2.80000e-10 4.98301e+00
9.00000e-10 3.00000e-10 7.18525e+00
9.00000e-10 3.20000e-10 9.57551e+00
9.00000e-10 3.40000e-10 1.22286e+01
9.00000e-10 3.60000e-10 1.53717e+01
9.00000e-10 3.80000e-10 1.89262e+01
9.00000e-10 4.00000e-10 2.00187e+01
9.00000e-10 4.20000e-10 1.99930e+01
9.00000e-10 4.40000e-10 1.99961e+01
9.00000e-10 4.60000e-10 1.99998e+01
9.00000e-10 4.80000e-10 1.99994e+01
9.00000e-10 5.00000e-10 1.99993e+01
9.00000e-10 5.20000e-10 1.99999e+01
9.00000e-10 5.40000e-10 1.99961e+01
9.00000e-10 5.60000e-10 1.99961e+01
9.00000e-10 5.80000e-10 2.00095e+01
9.00000e-10 6.00000e-10 1.89332e+01
9.00000e-10 6.20000e-10 1.59436e+01
9.00000e-10 6.40000e-10 1.33596e+01
9.00000e-10 6.60000e-10 1.12339e+01
9.00000e-10 6.80000e-10 9.36841e+00
9.00000e-10 7.00000e-10 7.74478e+00
9.00000e-10 7.20000e-10 6.31457e+00
9.00000e-10 7.40000e-10 5.06039e+00
9.00000e-10 7.60000e-10 3.95605e+00
9.00000e-10 7.80000e-10 2.98585e+00
9.00000e-10 8.00000e-10 2.13340e+00
9.00000e-10 8.20000e-10 1.38527e+00
9.00000e-10 8.40000e-10 7.31097e-01
9.00000e-10 8.60000e-10 1.61168e-01
9.00000e-10 8.80000e-10 -3.30393e-01
9.00000e-10 9.00000e-10 -7.49842e-01
9.00000e-10 9.20000e-10 -1.09852e+00
9.00000e-10 9.40000e-10 -1.37966e+00
9.00000e-10 9.60000e-10 -1.59069e+00
9.00000e-10 9.80000e-10 -1.73243e+00

9.20000e-10 0.00000e+00 -1.88227e+00
9.20000e-10 2.00000e-11 -1.87363e+00
9.20000e-10 4.00000e-11 -1.78050e+00
9.20000e-10 6.00000e-11 -1.60258e+00
9.20000e-10 8.00000e-11 -1.31093e+00
9.20000e-10 1.00000e-10 -1.04264e+00
9.20000e-10 1.20000e-10 -1.04681e+00
9.20000e-10 1.40000e-10 -1.05327e+00
9.20000e-10 1.60000e-10 -1.04935e+00
9.20000e-10 1.80000e-10 -1.05660e+00
9.20000e-10 2.00000e-10 -1.02727e+00
9.20000e-10 2.20000e-10 -1.22129e-01
9.20000e-10 2.40000e-10 1.38756e+00
9.20000e-10 2.60000e-10 3.16406e+00
9.20000e-10 2.80000e-10 5.05806e+00
9.20000e-10 3.00000e-10 7.09739e+00
9.20000e-10 3.20000e-10 9.29886e+00
9.20000e-10 3.40000e-10 1.17010e+01
9.20000e-10 3.60000e-10 1.43056e+01
9.20000e-10 3.80000e-10 1.69771e+01
9.20000e-10 4.00000e-10 1.89352e+01
9.20000e-10 4.20000e-10 1.89661e+01
9.20000e-10 4.40000e-10 1.89449e+01
9.20000e-10 4.60000e-10 1.89535e+01
9.20000e-10 4.80000e-10 1.89504e+01
9.20000e-10 5.00000e-10 1.89507e+01
9.20000e-10 5.20000e-10 1.89529e+01
9.20000e-10 5.40000e-10 1.89456e+01
9.20000e-10 5.60000e-10 1.89638e+01
9.20000e-10 5.80000e-10 1.89396e+01
9.20000e-10 6.00000e-10 1.72567e+01
9.20000e-10 6.20000e-10 1.50083e+01
9.20000e-10 6.40000e-10 1.28600e+01
9.20000e-10 6.60000e-10 1.09180e+01
9.20000e-10 6.80000e-10 9.18347e+00
9.20000e-10 7.00000e-10 7.62817e+00
9.20000e-10 7.20000e-10 6.24362e+00
9.20000e-10 7.40000e-10 5.00779e+00
9.20000e-10 7.60000e-10 3.91256e+00
9.20000e-10 7.80000e-10 2.93928e+00
9.20000e-10 8.00000e-10 2.08135e+00
9.20000e-10 8.20000e-10 1.32354e+00
9.20000e-10 8.40000e-10 6.61611e-01
9.20000e-10 8.60000e-10 8.30487e-02
9.20000e-10 8.80000e-10 -4.13480e-01
9.20000e-10 9.00000e-10 -8.37146e-01
9.20000e-10 9.20000e-10 -1.18675e+00
9.20000e-10 9.40000e-10 -1.46805e+00
9.20000e-10 9.60000e-10 -1.67709e+00
9.20000e-10 9.80000e-10 -1.81736e+00

9.40000e-10 0.00000e+00 -1.95274e+00
9.40000e-10 2.00000e-11 -1.95263e+00
9.40000e-10 4.00000e-11 -1.88187e+00
9.40000e-10 6.00000e-11 -1.74674e+00
9.40000e-10 8.00000e-11 -1.57490e+00
9.40000e-10 1.00000e-10 -1.44162e+00
9.40000e-10 1.20000e-10 -1.34824e+00
9.40000e-10 1.40000e-10 -1.24992e+00
9.40000e-10 1.60000e-10 -1.10881e+00
9.40000e-10 1.80000e-10 -8.90093e-01
9.40000e-10 2.00000e-10 -4.38671e-01
9.40000e-10 2.20000e-10 5.47671e-01
9.40000e-10 2.40000e-10 1.84497e+00
9.40000e-10 2.60000e-10 3.38284e+00
9.40000e-10 2.80000e-10 5.10629e+00
9.40000e-10 3.00000e-10 6.97589e+00
9.40000e-10 3.20000e-10 8.97561e+00
9.40000e-10 3.40000e-10 1.10822e+01
9.40000e-10 3.60000e-10 1.32144e+01
9.40000e-10 3.80000e-10 1.52132e+01
9.40000e-10 4.00000e-10 1.67571e+01
9.40000e-10 4.20000e-10 1.74343e+01
9.40000e-10 4.40000e-10 1.77348e+01
9.40000e-10 4.60000e-10 1.79014e+01
9.40000e-10 4.80000e-10 1.79782e+01
9.40000e-10 5.00000e-10 1.79913e+01
9.40000e-10 5.20000e-10 1.79424e+01
9.40000e-10 5.40000e-10 1.78131e+01
9.40000e-10 5.60000e-10 1.75679e+01
9.40000e-10 5.80000e-10 1.70035e+01
9.40000e-10 6.00000e-10 1.57073e+01
9.40000e-10 6.20000e-10 1.40375e+01
9.40000e-10 6.40000e-10 1.22784e+01
9.40000e-10 6.60000e-10 1.05651e+01
9.40000e-10 6.80000e-10 8.96638e+00
9.40000e-10 7.00000e-10 7.49577e+00
9.40000e-10 7.20000e-10 6.15977e+00
9.40000e-10 7.40000e-10 4.95252e+00
9.40000e-10 7.60000e-10 3.86967e+00
9.40000e-10 7.80000e-10 2.90172e+00
9.40000e-10 8.00000e-10 2.04224e+00
9.40000e-10 8.20000e-10 1.28150e+00
9.40000e-10 8.40000e-10 6.13678e-01
9.40000e-10 8.60000e-10 3.10050e-02
9.40000e-10 8.80000e-10 -4.70617e-01
9.40000e-10 9.00000e-10 -8.96726e-01
9.40000e-10 9.20000e-10 -1.24889e+00
9.40000e-10 9.40000e-10 -1.53050e+00
9.40000e-10 9.60000e-10 -1.74128e+00
9.40000e-10 9.80000e-10 -1.88251e+00

9.60000e-10 0.00000e+00 -2.00328e+00
9.60000e-10 2.00000e-11 -2.01422e+00
9.60000e-10 4.00000e-11 -1.96333e+00
9.60000e-10 6.00000e-11 -1.85986e+00
9.60000e-10 8.00000e-11 -1.71986e+00
9.60000e-10 1.00000e-10 -1.56134e+00
9.60000e-10 1.20000e-10 -1.39995e+00
9.60000e-10 1.40000e-10 -1.20621e+00
9.60000e-10 1.60000e-10 -9.39830e-01
9.60000e-10 1.80000e-10 -5.42648e-01
9.60000e-10 2.00000e-10 6.98390e-02
9.60000e-10 2.20000e-10 9.47986e-01
9.60000e-10 2.40000e-10 2.12895e+00
9.60000e-10 2.60000e-10 3.54000e+00
9.60000e-10 2.80000e-10 5.12904e+00
9.60000e-10 3.00000e-10 6.85799e+00
9.60000e-10 3.20000e-10 8.68673e+00
9.60000e-10 3.40000e-10 1.05619e+01
9.60000e-10 3.60000e-10 1.23990e+01
9.60000e-10 3.80000e-10 1.40621e+01
9.60000e-10 4.00000e-10 1.53643e+01
9.60000e-10 4.20000e-10 1.62481e+01
9.60000e-10 4.40000e-10 1.67824e+01
9.60000e-10 4.60000e-10 1.70904e+01
9.60000e-10 4.80000e-10 1.72419e+01
9.60000e-10 5.00000e-10 1.72676e+01
9.60000e-10 5.20000e-10 1.71720e+01
9.60000e-10 5.40000e-10 1.69346e+01
9.60000e-10 5.60000e-10 1.65003e+01
9.60000e-10 5.80000e-10 1.57681e+01
9.60000e-10 6.00000e-10 1.46832e+01
9.60000e-10 6.20000e-10 1.33021e+01
9.60000e-10 6.40000e-10 1.17873e+01
9.60000e-10 6.60000e-10 1.02547e+01
9.60000e-10 6.80000e-10 8.77212e+00
9.60000e-10 7.00000e-10 7.37675e+00
9.60000e-10 7.20000e-10 6.08585e+00
9.60000e-10 7.40000e-10 4.90595e+00
9.60000e-10 7.60000e-10 3.83722e+00
9.60000e-10 7.80000e-10 2.87633e+00
9.60000e-10 8.00000e-10 2.01802e+00
9.60000e-10 8.20000e-10 1.25666e+00
9.60000e-10 8.40000e-10 5.86258e-01
9.60000e-10 8.60000e-10 1.21273e-03
9.60000e-10 8.80000e-10 -5.03262e-01
9.60000e-10 9.00000e-10 -9.31101e-01
9.60000e-10 9.20000e-10 -1.28560e+00
9.60000e-10 9.40000e-10 -1.56872e+00
9.60000e-10 9.60000e-10 -1.78199e+00
9.60000e-10 9.80000e-10 -1.92650e+00

9.80000e-10 0.00000e+00 -2.02932e+00
9.80000e-10 2.00000e-11 -2.04926e+00
9.80000e-10 4.00000e-11 -2.01161e+00
9.80000e-10 6.00000e-11 -1.92446e+00
9.80000e-10 8.00000e-11 -1.79968e+00
9.80000e-10 1.00000e-10 -1.64798e+00
9.80000e-10 1.20000e-10 -1.45744e+00
9.80000e-10 1.40000e-10 -1.21210e+00
9.80000e-10 1.60000e-10 -8.77190e-01
9.80000e-10 1.80000e-10 -4.06202e-01
9.80000e-10 2.00000e-10 2.56270e-01
9.80000e-10 2.20000e-10 1.16518e+00
9.80000e-10 2.40000e-10 2.29223e+00
9.80000e-10 2.60000e-10 3.62754e+00
9.80000e-10 2.80000e-10 5.13623e+00
9.80000e-10 3.00000e-10 6.77402e+00
9.80000e-10 3.20000e-10 8.49250e+00
9.80000e-10 3.40000e-10 1.02291e+01
9.80000e-10 3.60000e-10 1.18986e+01
9.80000e-10 3.80000e-10 1.33983e+01
9.80000e-10 4.00000e-10 1.46384e+01
9.80000e-10 4.20000e-10 1.55505e+01
9.80000e-10 4.40000e-10 1.61683e+01
9.80000e-10 4.60000e-10 1.65492e+01
9.80000e-10 4.80000e-10 1.67423e+01
9.80000e-10 5.00000e-10 1.67760e+01
9.80000e-10 5.20000e-10 1.66557e+01
9.80000e-10 5.40000e-10 1.63643e+01
9.80000e-10 5.60000e-10 1.58653e+01
9.80000e-10 5.80000e-10 1.51148e+01
9.80000e-10 6.00000e-10 1.40889e+01
9.80000e-10 6.20000e-10 1.28486e+01
9.80000e-10 6.40000e-10 1.14730e+01
9.80000e-10 6.60000e-10 1.00487e+01
9.80000e-10 6.80000e-10 8.64284e+00
9.80000e-10 7.00000e-10 7.29818e+00
9.80000e-10 7.20000e-10 6.03965e+00
9.80000e-10 7.40000e-10 4.87952e+00
9.80000e-10 7.60000e-10 3.82230e+00
9.80000e-10 7.80000e-10 2.86757e+00
9.80000e-10 8.00000e-10 2.01234e+00
9.80000e-10 8.20000e-10 1.25172e+00
9.80000e-10 8.40000e-10 5.80750e-01
9.80000e-10 8.60000e-10 -5.50307e-03
9.80000e-10 8.80000e-10 -5.11528e-01
9.80000e-10 9.00000e-10 -9.41208e-01
9.80000e-10 9.20000e-10 -1.29731e+00
9.80000e-10 9.40000e-10 -1.58245e+00
9.80000e-10 9.60000e-10 -1.79837e+00
9.80000e-10 9.80000e-10 -1.94669e+00

