0.00000e+00 0.00000e+00 -2.04509e+00
0.00000e+00 1.00000e-01 -1.04833e+00
0.00000e+00 2.00000e-01 -1.05050e+00
0.00000e+00 3.00000e-01 1.24044e+01
0.00000e+00 4.00000e-01 1.89518e+01
0.00000e+00 5.00000e-01 1.89480e+01
0.00000e+00 6.00000e-01 1.89522e+01
0.00000e+00 7.00000e-01 1.47444e+01
0.00000e+00 8.00000e-01 5.28582e+00
0.00000e+00 9.00000e-01 -1.31122e+00

1.00000e-01 0.00000e+00 -1.05082e+00
1.00000e-01 1.00000e-01 7.61762e-04
1.00000e-01 2.00000e-01 -3.84492e-03
1.00000e-01 3.00000e-01 1.89552e+01
1.00000e-01 4.00000e-01 1.99935e+01
1.00000e-01 5.00000e-01 2.00063e+01
1.00000e-01 6.00000e-01 1.99953e+01
1.00000e-01 7.00000e-01 1.89510e+01
1.00000e-01 8.00000e-01 5.82021e+00
1.00000e-01 9.00000e-01 7.26987e-02

2.00000e-01 0.00000e+00 -1.04782e+00
2.00000e-01 1.00000e-01 -2.30547e-03
2.00000e-01 2.00000e-01 4.15713e-03
2.00000e-01 3.00000e-01 1.89445e+01
2.00000e-01 4.00000e-01 2.00042e+01
2.00000e-01 5.00000e-01 1.99941e+01
2.00000e-01 6.00000e-01 2.00056e+01
2.00000e-01 7.00000e-01 1.89437e+01
2.00000e-01 8.00000e-01 3.95485e+00
2.00000e-01 9.00000e-01 3.94738e+00

3.00000e-01 0.00000e+00 -1.05133e+00
3.00000e-01 1.00000e-01 2.94226e-03
3.00000e-01 2.00000e-01 -6.00839e-03
3.00000e-01 3.00000e-01 -1.04247e+00
3.00000e-01 4.00000e-01 1.89442e+01
3.00000e-01 5.00000e-01 1.89572e+01
3.00000e-01 6.00000e-01 1.89436e+01
3.00000e-01 7.00000e-01 3.95705e+00
3.00000e-01 8.00000e-01 4.99452e+00
3.00000e-01 9.00000e-01 5.00100e+00

4.00000e-01 0.00000e+00 3.94985e+00
4.00000e-01 1.00000e-01 -2.28619e-03
4.00000e-01 2.00000e-01 5.11386e-03
4.00000e-01 3.00000e-01 -1.05516e+00
4.00000e-01 4.00000e-01 5.61065e+00
4.00000e-01 5.00000e-01 8.21580e+00
4.00000e-01 6.00000e-01 7.64769e+00
4.00000e-01 7.00000e-01 3.94660e+00
4.00000e-01 8.00000e-01 5.00334e+00
4.00000e-01 9.00000e-01 5.00053e+00

5.00000e-01 0.00000e+00 3.95127e+00
5.00000e-01 1.00000e-01 1.15787e-03
5.00000e-01 2.00000e-01 -5.42050e-03
5.00000e-01 3.00000e-01 -1.04391e+00
5.00000e-01 4.00000e-01 3.36322e-01
5.00000e-01 5.00000e-01 2.60279e+00
5.00000e-01 6.00000e-01 3.16934e+00
5.00000e-01 7.00000e-01 3.95382e+00
5.00000e-01 8.00000e-01 4.99682e+00
5.00000e-01 9.00000e-01 4.99865e+00

6.00000e-01 0.00000e+00 3.94985e+00
6.00000e-01 1.00000e-01 -1.48517e-03
6.00000e-01 2.00000e-01 4.94385e-03
6.00000e-01 3.00000e-01 -1.05555e+00
6.00000e-01 4.00000e-01 5.60139e+00
6.00000e-01 5.00000e-01 8.23742e+00
6.00000e-01 6.00000e-01 7.74429e+00
6.00000e-01 7.00000e-01 3.94555e+00
6.00000e-01 8.00000e-01 5.00392e+00
6.00000e-01 9.00000e-01 4.99944e+00

7.00000e-01 0.00000e+00 3.94969e+00
7.00000e-01 1.00000e-01 6.36995e-04
7.00000e-01 2.00000e-01 -5.14425e-03
7.00000e-01 3.00000e-01 -1.04158e+00
7.00000e-01 4.00000e-01 1.89427e+01
7.00000e-01 5.00000e-01 1.89588e+01
7.00000e-01 6.00000e-01 1.89414e+01
7.00000e-01 7.00000e-01 3.95955e+00
7.00000e-01 8.00000e-01 4.99394e+00
7.00000e-01 9.00000e-01 5.00185e+00

8.00000e-01 0.00000e+00 3.95092e+00
8.00000e-01 1.00000e-01 6.03858e-04
8.00000e-01 2.00000e-01 2.24682e-03
8.00000e-01 3.00000e-01 1.89447e+01
8.00000e-01 4.00000e-01 2.00051e+01
8.00000e-01 5.00000e-01 1.99927e+01
8.00000e-01 6.00000e-01 2.00084e+01
8.00000e-01 7.00000e-01 1.89407e+01
8.00000e-01 8.00000e-01 3.95584e+00
8.00000e-01 9.00000e-01 3.94625e+00

9.00000e-01 0.00000e+00 -1.04969e+00
9.00000e-01 1.00000e-01 -1.32205e-03
9.00000e-01 2.00000e-01 -2.50130e-03
9.00000e-01 3.00000e-01 1.89551e+01
9.00000e-01 4.00000e-01 1.99928e+01
9.00000e-01 5.00000e-01 2.00073e+01
9.00000e-01 6.00000e-01 1.99935e+01
9.00000e-01 7.00000e-01 1.89526e+01
9.00000e-01 8.00000e-01 5.76221e+00
9.00000e-01 9.00000e-01 5.19977e-02

