0.00000e+00 0.00000e+00 -1.80705e+02
0.00000e+00 2.00000e-11 -1.80705e+02
0.00000e+00 4.00000e-11 -1.80705e+02
0.00000e+00 6.00000e-11 -1.80705e+02
0.00000e+00 8.00000e-11 -1.80705e+02
0.00000e+00 1.00000e-10 -1.80705e+02
0.00000e+00 1.20000e-10 -1.80705e+02
0.00000e+00 1.40000e-10 -1.80705e+02
0.00000e+00 1.60000e-10 -1.80705e+02
0.00000e+00 1.80000e-10 -1.80705e+02
0.00000e+00 2.00000e-10 -1.80705e+02
0.00000e+00 2.20000e-10 -1.80705e+02
0.00000e+00 2.40000e-10 -1.80705e+02
0.00000e+00 2.60000e-10 -1.80705e+02
0.00000e+00 2.80000e-10 -1.80705e+02
0.00000e+00 3.00000e-10 -1.80705e+02
0.00000e+00 3.20000e-10 -1.80705e+02
0.00000e+00 3.40000e-10 -1.80705e+02
0.00000e+00 3.60000e-10 -1.80705e+02
0.00000e+00 3.80000e-10 -1.80705e+02
0.00000e+00 4.00000e-10 -1.80705e+02
0.00000e+00 4.20000e-10 -1.80705e+02
0.00000e+00 4.40000e-10 -1.80705e+02
0.00000e+00 4.60000e-10 -1.80705e+02
0.00000e+00 4.80000e-10 -1.80705e+02
0.00000e+00 5.00000e-10 -1.80705e+02
0.00000e+00 5.20000e-10 -1.80705e+02
0.00000e+00 5.40000e-10 -1.80705e+02
0.00000e+00 5.60000e-10 -1.80705e+02
0.00000e+00 5.80000e-10 -1.80705e+02
0.00000e+00 6.00000e-10 -1.80705e+02
0.00000e+00 6.20000e-10 -1.80705e+02
0.00000e+00 6.40000e-10 -1.80705e+02
0.00000e+00 6.60000e-10 -1.80705e+02
0.00000e+00 6.80000e-10 -1.80705e+02
0.00000e+00 7.00000e-10 -1.80705e+02
0.00000e+00 7.20000e-10 -1.80705e+02
0.00000e+00 7.40000e-10 -1.80705e+02
0.00000e+00 7.60000e-10 -1.80705e+02
0.00000e+00 7.80000e-10 -1.80705e+02
0.00000e+00 8.00000e-10 -1.80705e+02
0.00000e+00 8.20000e-10 -1.80705e+02
0.00000e+00 8.40000e-10 -1.80705e+02
0.00000e+00 8.60000e-10 -1.80705e+02
0.00000e+00 8.80000e-10 -1.80705e+02
0.00000e+00 9.00000e-10 -1.80705e+02
0.00000e+00 9.20000e-10 -1.80705e+02
0.00000e+00 9.40000e-10 -1.80705e+02
0.00000e+00 9.60000e-10 -1.80705e+02
0.00000e+00 9.80000e-10 -1.80705e+02

2.00000e-11 0.00000e+00 -1.80705e+02
2.00000e-11 2.00000e-11 -1.80705e+02
2.00000e-11 4.00000e-11 -1.80705e+02
2.00000e-11 6.00000e-11 -1.80705e+02
2.00000e-11 8.00000e-11 -1.80705e+02
2.00000e-11 1.00000e-10 -1.80705e+02
2.00000e-11 1.20000e-10 -1.80705e+02
2.00000e-11 1.40000e-10 -1.80705e+02
2.00000e-11 1.60000e-10 -1.80705e+02
2.00000e-11 1.80000e-10 -1.80705e+02
2.00000e-11 2.00000e-10 -1.80705e+02
2.00000e-11 2.20000e-10 -1.80705e+02
2.00000e-11 2.40000e-10 -1.80705e+02
2.00000e-11 2.60000e-10 -1.80705e+02
2.00000e-11 2.80000e-10 -1.80705e+02
2.00000e-11 3.00000e-10 -1.80705e+02
2.00000e-11 3.20000e-10 -1.80705e+02
2.00000e-11 3.40000e-10 -1.80705e+02
2.00000e-11 3.60000e-10 -1.80705e+02
2.00000e-11 3.80000e-10 -1.80705e+02
2.00000e-11 4.00000e-10 -1.80705e+02
2.00000e-11 4.20000e-10 -1.80705e+02
2.00000e-11 4.40000e-10 -1.80705e+02
2.00000e-11 4.60000e-10 -1.80705e+02
2.00000e-11 4.80000e-10 -1.80705e+02
2.00000e-11 5.00000e-10 -1.80705e+02
2.00000e-11 5.20000e-10 -1.80705e+02
2.00000e-11 5.40000e-10 -1.80705e+02
2.00000e-11 5.60000e-10 -1.80705e+02
2.00000e-11 5.80000e-10 -1.80705e+02
2.00000e-11 6.00000e-10 -1.80705e+02
2.00000e-11 6.20000e-10 -1.80705e+02
2.00000e-11 6.40000e-10 -1.80705e+02
2.00000e-11 6.60000e-10 -1.80705e+02
2.00000e-11 6.80000e-10 -1.80705e+02
2.00000e-11 7.00000e-10 -1.80705e+02
2.00000e-11 7.20000e-10 -1.80705e+02
2.00000e-11 7.40000e-10 -1.80705e+02
2.00000e-11 7.60000e-10 -1.80705e+02
2.00000e-11 7.80000e-10 -1.80705e+02
2.00000e-11 8.00000e-10 -1.80705e+02
2.00000e-11 8.20000e-10 -1.80705e+02
2.00000e-11 8.40000e-10 -1.80705e+02
2.00000e-11 8.60000e-10 -1.80705e+02
2.00000e-11 8.80000e-10 -1.80705e+02
2.00000e-11 9.00000e-10 -1.80705e+02
2.00000e-11 9.20000e-10 -1.80705e+02
2.00000e-11 9.40000e-10 -1.80705e+02
2.00000e-11 9.60000e-10 -1.80705e+02
2.00000e-11 9.80000e-10 -1.80705e+02

4.00000e-11 0.00000e+00 -1.80705e+02
4.00000e-11 2.00000e-11 -1.80705e+02
4.00000e-11 4.00000e-11 -1.80705e+02
4.00000e-11 6.00000e-11 -1.80705e+02
4.00000e-11 8.00000e-11 -1.80705e+02
4.00000e-11 1.00000e-10 -1.80705e+02
4.00000e-11 1.20000e-10 -1.80705e+02
4.00000e-11 1.40000e-10 -1.80705e+02
4.00000e-11 1.60000e-10 -1.80705e+02
4.00000e-11 1.80000e-10 -1.80705e+02
4.00000e-11 2.00000e-10 -1.80705e+02
4.00000e-11 2.20000e-10 -1.80705e+02
4.00000e-11 2.40000e-10 -1.80705e+02
4.00000e-11 2.60000e-10 -1.80705e+02
4.00000e-11 2.80000e-10 -1.80705e+02
4.00000e-11 3.00000e-10 -1.80705e+02
4.00000e-11 3.20000e-10 -1.80705e+02
4.00000e-11 3.40000e-10 -1.80705e+02
4.00000e-11 3.60000e-10 -1.80705e+02
4.00000e-11 3.80000e-10 -1.80705e+02
4.00000e-11 4.00000e-10 -1.80705e+02
4.00000e-11 4.20000e-10 -1.80705e+02
4.00000e-11 4.40000e-10 -1.80705e+02
4.00000e-11 4.60000e-10 -1.80705e+02
4.00000e-11 4.80000e-10 -1.80705e+02
4.00000e-11 5.00000e-10 -1.80705e+02
4.00000e-11 5.20000e-10 -1.80705e+02
4.00000e-11 5.40000e-10 -1.80705e+02
4.00000e-11 5.60000e-10 -1.80705e+02
4.00000e-11 5.80000e-10 -1.80705e+02
4.00000e-11 6.00000e-10 -1.80705e+02
4.00000e-11 6.20000e-10 -1.80705e+02
4.00000e-11 6.40000e-10 -1.80705e+02
4.00000e-11 6.60000e-10 -1.80705e+02
4.00000e-11 6.80000e-10 -1.80705e+02
4.00000e-11 7.00000e-10 -1.80705e+02
4.00000e-11 7.20000e-10 -1.80705e+02
4.00000e-11 7.40000e-10 -1.80705e+02
4.00000e-11 7.60000e-10 -1.80705e+02
4.00000e-11 7.80000e-10 -1.80705e+02
4.00000e-11 8.00000e-10 -1.80705e+02
4.00000e-11 8.20000e-10 -1.80705e+02
4.00000e-11 8.40000e-10 -1.80705e+02
4.00000e-11 8.60000e-10 -1.80705e+02
4.00000e-11 8.80000e-10 -1.80705e+02
4.00000e-11 9.00000e-10 -1.80705e+02
4.00000e-11 9.20000e-10 -1.80705e+02
4.00000e-11 9.40000e-10 -1.80705e+02
4.00000e-11 9.60000e-10 -1.80705e+02
4.00000e-11 9.80000e-10 -1.80705e+02

6.00000e-11 0.00000e+00 -1.80705e+02
6.00000e-11 2.00000e-11 -1.80705e+02
6.00000e-11 4.00000e-11 -1.80705e+02
6.00000e-11 6.00000e-11 -1.80705e+02
6.00000e-11 8.00000e-11 -1.80705e+02
6.00000e-11 1.00000e-10 -1.80705e+02
6.00000e-11 1.20000e-10 -1.80705e+02
6.00000e-11 1.40000e-10 -1.80705e+02
6.00000e-11 1.60000e-10 -1.80705e+02
6.00000e-11 1.80000e-10 -1.80705e+02
6.00000e-11 2.00000e-10 -1.80705e+02
6.00000e-11 2.20000e-10 -1.80705e+02
6.00000e-11 2.40000e-10 -1.80705e+02
6.00000e-11 2.60000e-10 -1.80705e+02
6.00000e-11 2.80000e-10 -1.80705e+02
6.00000e-11 3.00000e-10 -1.80705e+02
6.00000e-11 3.20000e-10 -1.80705e+02
6.00000e-11 3.40000e-10 -1.80705e+02
6.00000e-11 3.60000e-10 -1.80705e+02
6.00000e-11 3.80000e-10 -1.80705e+02
6.00000e-11 4.00000e-10 -1.80705e+02
6.00000e-11 4.20000e-10 -1.80705e+02
6.00000e-11 4.40000e-10 -1.80705e+02
6.00000e-11 4.60000e-10 -1.80705e+02
6.00000e-11 4.80000e-10 -1.80705e+02
6.00000e-11 5.00000e-10 -1.80705e+02
6.00000e-11 5.20000e-10 -1.80705e+02
6.00000e-11 5.40000e-10 -1.80705e+02
6.00000e-11 5.60000e-10 -1.80705e+02
6.00000e-11 5.80000e-10 -1.80705e+02
6.00000e-11 6.00000e-10 -1.80705e+02
6.00000e-11 6.20000e-10 -1.80705e+02
6.00000e-11 6.40000e-10 -1.80705e+02
6.00000e-11 6.60000e-10 -1.80705e+02
6.00000e-11 6.80000e-10 -1.80705e+02
6.00000e-11 7.00000e-10 -1.80705e+02
6.00000e-11 7.20000e-10 -1.80705e+02
6.00000e-11 7.40000e-10 -1.80705e+02
6.00000e-11 7.60000e-10 -1.80705e+02
6.00000e-11 7.80000e-10 -1.80705e+02
6.00000e-11 8.00000e-10 -1.80705e+02
6.00000e-11 8.20000e-10 -1.80705e+02
6.00000e-11 8.40000e-10 -1.80705e+02
6.00000e-11 8.60000e-10 -1.80705e+02
6.00000e-11 8.80000e-10 -1.80705e+02
6.00000e-11 9.00000e-10 -1.80705e+02
6.00000e-11 9.20000e-10 -1.80705e+02
6.00000e-11 9.40000e-10 -1.80705e+02
6.00000e-11 9.60000e-10 -1.80705e+02
6.00000e-11 9.80000e-10 -1.80705e+02

8.00000e-11 0.00000e+00 -1.80705e+02
8.00000e-11 2.00000e-11 -1.80705e+02
8.00000e-11 4.00000e-11 -1.80705e+02
8.00000e-11 6.00000e-11 -1.80705e+02
8.00000e-11 8.00000e-11 -1.80705e+02
8.00000e-11 1.00000e-10 1.55961e+21
8.00000e-11 1.20000e-10 3.04993e+21
8.00000e-11 1.40000e-10 3.15267e+21
8.00000e-11 1.60000e-10 3.76756e+21
8.00000e-11 1.80000e-10 4.27837e+21
8.00000e-11 2.00000e-10 8.49428e+21
8.00000e-11 2.20000e-10 -1.80705e+02
8.00000e-11 2.40000e-10 -1.80705e+02
8.00000e-11 2.60000e-10 -1.80705e+02
8.00000e-11 2.80000e-10 -1.80705e+02
8.00000e-11 3.00000e-10 -1.80705e+02
8.00000e-11 3.20000e-10 -1.80705e+02
8.00000e-11 3.40000e-10 -1.80705e+02
8.00000e-11 3.60000e-10 -1.80705e+02
8.00000e-11 3.80000e-10 -1.80705e+02
8.00000e-11 4.00000e-10 -9.88304e+21
8.00000e-11 4.20000e-10 -6.37611e+20
8.00000e-11 4.40000e-10 -4.61059e+20
8.00000e-11 4.60000e-10 3.61397e+20
8.00000e-11 4.80000e-10 5.43511e+20
8.00000e-11 5.00000e-10 6.01381e+20
8.00000e-11 5.20000e-10 4.84876e+20
8.00000e-11 5.40000e-10 -1.64706e+20
8.00000e-11 5.60000e-10 -2.59227e+20
8.00000e-11 5.80000e-10 -8.19263e+21
8.00000e-11 6.00000e-10 -1.80705e+02
8.00000e-11 6.20000e-10 -1.80705e+02
8.00000e-11 6.40000e-10 -1.80705e+02
8.00000e-11 6.60000e-10 -1.80705e+02
8.00000e-11 6.80000e-10 -1.80705e+02
8.00000e-11 7.00000e-10 -1.80705e+02
8.00000e-11 7.20000e-10 -1.80705e+02
8.00000e-11 7.40000e-10 -1.80705e+02
8.00000e-11 7.60000e-10 -1.80705e+02
8.00000e-11 7.80000e-10 -1.80705e+02
8.00000e-11 8.00000e-10 -1.80705e+02
8.00000e-11 8.20000e-10 -1.80705e+02
8.00000e-11 8.40000e-10 -1.80705e+02
8.00000e-11 8.60000e-10 -1.80705e+02
8.00000e-11 8.80000e-10 -1.80705e+02
8.00000e-11 9.00000e-10 -1.80705e+02
8.00000e-11 9.20000e-10 -1.80705e+02
8.00000e-11 9.40000e-10 -1.80705e+02
8.00000e-11 9.60000e-10 -1.80705e+02
8.00000e-11 9.80000e-10 -1.80705e+02

1.00000e-10 0.00000e+00 -1.80705e+02
1.00000e-10 2.00000e-11 -1.80705e+02
1.00000e-10 4.00000e-11 -1.80705e+02
1.00000e-10 6.00000e-11 -1.80705e+02
1.00000e-10 8.00000e-11 1.41778e+21
1.00000e-10 1.00000e-10 -7.40585e+21
1.00000e-10 1.20000e-10 -3.32330e+21
1.00000e-10 1.40000e-10 -3.79667e+21
1.00000e-10 1.60000e-10 -4.02906e+21
1.00000e-10 1.80000e-10 -3.34347e+21
1.00000e-10 2.00000e-10 -8.75352e+21
1.00000e-10 2.20000e-10 1.28932e+22
1.00000e-10 2.40000e-10 -1.80705e+02
1.00000e-10 2.60000e-10 -1.80705e+02
1.00000e-10 2.80000e-10 -1.80705e+02
1.00000e-10 3.00000e-10 -1.80705e+02
1.00000e-10 3.20000e-10 -1.80705e+02
1.00000e-10 3.40000e-10 -1.80705e+02
1.00000e-10 3.60000e-10 -1.80705e+02
1.00000e-10 3.80000e-10 -1.47286e+22
1.00000e-10 4.00000e-10 -5.35169e+21
1.00000e-10 4.20000e-10 -2.79676e+21
1.00000e-10 4.40000e-10 -3.39097e+21
1.00000e-10 4.60000e-10 -3.49304e+21
1.00000e-10 4.80000e-10 -3.52490e+21
1.00000e-10 5.00000e-10 -3.52605e+21
1.00000e-10 5.20000e-10 -3.50633e+21
1.00000e-10 5.40000e-10 -3.42470e+21
1.00000e-10 5.60000e-10 -2.84290e+21
1.00000e-10 5.80000e-10 -5.64390e+21
1.00000e-10 6.00000e-10 -1.18693e+22
1.00000e-10 6.20000e-10 -1.80705e+02
1.00000e-10 6.40000e-10 -1.80705e+02
1.00000e-10 6.60000e-10 -1.80705e+02
1.00000e-10 6.80000e-10 -1.80705e+02
1.00000e-10 7.00000e-10 -1.80705e+02
1.00000e-10 7.20000e-10 -1.80705e+02
1.00000e-10 7.40000e-10 -1.80705e+02
1.00000e-10 7.60000e-10 -1.80705e+02
1.00000e-10 7.80000e-10 -1.80705e+02
1.00000e-10 8.00000e-10 -1.80705e+02
1.00000e-10 8.20000e-10 -1.80705e+02
1.00000e-10 8.40000e-10 -1.80705e+02
1.00000e-10 8.60000e-10 -1.80705e+02
1.00000e-10 8.80000e-10 -1.80705e+02
1.00000e-10 9.00000e-10 -1.80705e+02
1.00000e-10 9.20000e-10 -1.80705e+02
1.00000e-10 9.40000e-10 -1.80705e+02
1.00000e-10 9.60000e-10 -1.80705e+02
1.00000e-10 9.80000e-10 -1.80705e+02

1.20000e-10 0.00000e+00 -1.80705e+02
1.20000e-10 2.00000e-11 -1.80705e+02
1.20000e-10 4.00000e-11 -1.80705e+02
1.20000e-10 6.00000e-11 -1.80705e+02
1.20000e-10 8.00000e-11 2.80192e+21
1.20000e-10 1.00000e-10 -3.09207e+21
1.20000e-10 1.20000e-10 0.00000e+00
1.20000e-10 1.40000e-10 0.00000e+00
1.20000e-10 1.60000e-10 0.00000e+00
1.20000e-10 1.80000e-10 0.00000e+00
1.20000e-10 2.00000e-10 -4.09314e+21
1.20000e-10 2.20000e-10 9.00531e+21
1.20000e-10 2.40000e-10 -1.80705e+02
1.20000e-10 2.60000e-10 -1.80705e+02
1.20000e-10 2.80000e-10 -1.80705e+02
1.20000e-10 3.00000e-10 -1.80705e+02
1.20000e-10 3.20000e-10 -1.80705e+02
1.20000e-10 3.40000e-10 -1.80705e+02
1.20000e-10 3.60000e-10 -1.80705e+02
1.20000e-10 3.80000e-10 -6.14460e+21
1.20000e-10 4.00000e-10 -1.77249e+21
1.20000e-10 4.20000e-10 0.00000e+00
1.20000e-10 4.40000e-10 0.00000e+00
1.20000e-10 4.60000e-10 0.00000e+00
1.20000e-10 4.80000e-10 0.00000e+00
1.20000e-10 5.00000e-10 0.00000e+00
1.20000e-10 5.20000e-10 0.00000e+00
1.20000e-10 5.40000e-10 0.00000e+00
1.20000e-10 5.60000e-10 0.00000e+00
1.20000e-10 5.80000e-10 -2.02947e+21
1.20000e-10 6.00000e-10 -4.40744e+21
1.20000e-10 6.20000e-10 -1.80705e+02
1.20000e-10 6.40000e-10 -1.80705e+02
1.20000e-10 6.60000e-10 -1.80705e+02
1.20000e-10 6.80000e-10 -1.80705e+02
1.20000e-10 7.00000e-10 -1.80705e+02
1.20000e-10 7.20000e-10 -1.80705e+02
1.20000e-10 7.40000e-10 -1.80705e+02
1.20000e-10 7.60000e-10 -1.80705e+02
1.20000e-10 7.80000e-10 -1.80705e+02
1.20000e-10 8.00000e-10 -1.80705e+02
1.20000e-10 8.20000e-10 -1.80705e+02
1.20000e-10 8.40000e-10 -1.80705e+02
1.20000e-10 8.60000e-10 -1.80705e+02
1.20000e-10 8.80000e-10 -1.80705e+02
1.20000e-10 9.00000e-10 -1.80705e+02
1.20000e-10 9.20000e-10 -1.80705e+02
1.20000e-10 9.40000e-10 -1.80705e+02
1.20000e-10 9.60000e-10 -1.80705e+02
1.20000e-10 9.80000e-10 -1.80705e+02

1.40000e-10 0.00000e+00 -1.80705e+02
1.40000e-10 2.00000e-11 -1.80705e+02
1.40000e-10 4.00000e-11 -1.80705e+02
1.40000e-10 6.00000e-11 -1.80705e+02
1.40000e-10 8.00000e-11 2.74791e+21
1.40000e-10 1.00000e-10 -3.88740e+21
1.40000e-10 1.20000e-10 0.00000e+00
1.40000e-10 1.40000e-10 0.00000e+00
1.40000e-10 1.60000e-10 0.00000e+00
1.40000e-10 1.80000e-10 0.00000e+00
1.40000e-10 2.00000e-10 -4.81503e+21
1.40000e-10 2.20000e-10 9.09626e+21
1.40000e-10 2.40000e-10 -1.80705e+02
1.40000e-10 2.60000e-10 -1.80705e+02
1.40000e-10 2.80000e-10 -1.80705e+02
1.40000e-10 3.00000e-10 -1.80705e+02
1.40000e-10 3.20000e-10 -1.80705e+02
1.40000e-10 3.40000e-10 -1.80705e+02
1.40000e-10 3.60000e-10 -1.80705e+02
1.40000e-10 3.80000e-10 -6.76277e+21
1.40000e-10 4.00000e-10 -2.56700e+21
1.40000e-10 4.20000e-10 0.00000e+00
1.40000e-10 4.40000e-10 0.00000e+00
1.40000e-10 4.60000e-10 0.00000e+00
1.40000e-10 4.80000e-10 0.00000e+00
1.40000e-10 5.00000e-10 0.00000e+00
1.40000e-10 5.20000e-10 0.00000e+00
1.40000e-10 5.40000e-10 0.00000e+00
1.40000e-10 5.60000e-10 0.00000e+00
1.40000e-10 5.80000e-10 -2.80302e+21
1.40000e-10 6.00000e-10 -4.89699e+21
1.40000e-10 6.20000e-10 -1.80705e+02
1.40000e-10 6.40000e-10 -1.80705e+02
1.40000e-10 6.60000e-10 -1.80705e+02
1.40000e-10 6.80000e-10 -1.80705e+02
1.40000e-10 7.00000e-10 -1.80705e+02
1.40000e-10 7.20000e-10 -1.80705e+02
1.40000e-10 7.40000e-10 -1.80705e+02
1.40000e-10 7.60000e-10 -1.80705e+02
1.40000e-10 7.80000e-10 -1.80705e+02
1.40000e-10 8.00000e-10 -1.80705e+02
1.40000e-10 8.20000e-10 -1.80705e+02
1.40000e-10 8.40000e-10 -1.80705e+02
1.40000e-10 8.60000e-10 -1.80705e+02
1.40000e-10 8.80000e-10 -1.80705e+02
1.40000e-10 9.00000e-10 -1.80705e+02
1.40000e-10 9.20000e-10 -1.80705e+02
1.40000e-10 9.40000e-10 -1.80705e+02
1.40000e-10 9.60000e-10 -1.80705e+02
1.40000e-10 9.80000e-10 -1.80705e+02

1.60000e-10 0.00000e+00 -1.80705e+02
1.60000e-10 2.00000e-11 -1.80705e+02
1.60000e-10 4.00000e-11 -1.80705e+02
1.60000e-10 6.00000e-11 -1.80705e+02
1.60000e-10 8.00000e-11 2.94519e+21
1.60000e-10 1.00000e-10 -3.68292e+21
1.60000e-10 1.20000e-10 0.00000e+00
1.60000e-10 1.40000e-10 0.00000e+00
1.60000e-10 1.60000e-10 0.00000e+00
1.60000e-10 1.80000e-10 0.00000e+00
1.60000e-10 2.00000e-10 -4.44779e+21
1.60000e-10 2.20000e-10 8.66412e+21
1.60000e-10 2.40000e-10 -1.80705e+02
1.60000e-10 2.60000e-10 -1.80705e+02
1.60000e-10 2.80000e-10 -1.80705e+02
1.60000e-10 3.00000e-10 -1.80705e+02
1.60000e-10 3.20000e-10 -1.80705e+02
1.60000e-10 3.40000e-10 -1.80705e+02
1.60000e-10 3.60000e-10 -1.80705e+02
1.60000e-10 3.80000e-10 -7.10311e+21
1.60000e-10 4.00000e-10 -2.40590e+21
1.60000e-10 4.20000e-10 0.00000e+00
1.60000e-10 4.40000e-10 0.00000e+00
1.60000e-10 4.60000e-10 0.00000e+00
1.60000e-10 4.80000e-10 0.00000e+00
1.60000e-10 5.00000e-10 0.00000e+00
1.60000e-10 5.20000e-10 0.00000e+00
1.60000e-10 5.40000e-10 0.00000e+00
1.60000e-10 5.60000e-10 0.00000e+00
1.60000e-10 5.80000e-10 -2.66206e+21
1.60000e-10 6.00000e-10 -5.14192e+21
1.60000e-10 6.20000e-10 -1.80705e+02
1.60000e-10 6.40000e-10 -1.80705e+02
1.60000e-10 6.60000e-10 -1.80705e+02
1.60000e-10 6.80000e-10 -1.80705e+02
1.60000e-10 7.00000e-10 -1.80705e+02
1.60000e-10 7.20000e-10 -1.80705e+02
1.60000e-10 7.40000e-10 -1.80705e+02
1.60000e-10 7.60000e-10 -1.80705e+02
1.60000e-10 7.80000e-10 -1.80705e+02
1.60000e-10 8.00000e-10 -1.80705e+02
1.60000e-10 8.20000e-10 -1.80705e+02
1.60000e-10 8.40000e-10 -1.80705e+02
1.60000e-10 8.60000e-10 -1.80705e+02
1.60000e-10 8.80000e-10 -1.80705e+02
1.60000e-10 9.00000e-10 -1.80705e+02
1.60000e-10 9.20000e-10 -1.80705e+02
1.60000e-10 9.40000e-10 -1.80705e+02
1.60000e-10 9.60000e-10 -1.80705e+02
1.60000e-10 9.80000e-10 -1.80705e+02

1.80000e-10 0.00000e+00 -1.80705e+02
1.80000e-10 2.00000e-11 -1.80705e+02
1.80000e-10 4.00000e-11 -1.80705e+02
1.80000e-10 6.00000e-11 -1.80705e+02
1.80000e-10 8.00000e-11 3.06599e+21
1.80000e-10 1.00000e-10 -3.88899e+21
1.80000e-10 1.20000e-10 0.00000e+00
1.80000e-10 1.40000e-10 0.00000e+00
1.80000e-10 1.60000e-10 0.00000e+00
1.80000e-10 1.80000e-10 0.00000e+00
1.80000e-10 2.00000e-10 -4.66270e+21
1.80000e-10 2.20000e-10 8.48189e+21
1.80000e-10 2.40000e-10 -1.80705e+02
1.80000e-10 2.60000e-10 -1.80705e+02
1.80000e-10 2.80000e-10 -1.80705e+02
1.80000e-10 3.00000e-10 -1.80705e+02
1.80000e-10 3.20000e-10 -1.80705e+02
1.80000e-10 3.40000e-10 -1.80705e+02
1.80000e-10 3.60000e-10 -1.80705e+02
1.80000e-10 3.80000e-10 -6.83977e+21
1.80000e-10 4.00000e-10 -1.82692e+21
1.80000e-10 4.20000e-10 0.00000e+00
1.80000e-10 4.40000e-10 0.00000e+00
1.80000e-10 4.60000e-10 0.00000e+00
1.80000e-10 4.80000e-10 0.00000e+00
1.80000e-10 5.00000e-10 0.00000e+00
1.80000e-10 5.20000e-10 0.00000e+00
1.80000e-10 5.40000e-10 0.00000e+00
1.80000e-10 5.60000e-10 0.00000e+00
1.80000e-10 5.80000e-10 -2.11918e+21
1.80000e-10 6.00000e-10 -4.88993e+21
1.80000e-10 6.20000e-10 -1.80705e+02
1.80000e-10 6.40000e-10 -1.80705e+02
1.80000e-10 6.60000e-10 -1.80705e+02
1.80000e-10 6.80000e-10 -1.80705e+02
1.80000e-10 7.00000e-10 -1.80705e+02
1.80000e-10 7.20000e-10 -1.80705e+02
1.80000e-10 7.40000e-10 -1.80705e+02
1.80000e-10 7.60000e-10 -1.80705e+02
1.80000e-10 7.80000e-10 -1.80705e+02
1.80000e-10 8.00000e-10 -1.80705e+02
1.80000e-10 8.20000e-10 -1.80705e+02
1.80000e-10 8.40000e-10 -1.80705e+02
1.80000e-10 8.60000e-10 -1.80705e+02
1.80000e-10 8.80000e-10 -1.80705e+02
1.80000e-10 9.00000e-10 -1.80705e+02
1.80000e-10 9.20000e-10 -1.80705e+02
1.80000e-10 9.40000e-10 -1.80705e+02
1.80000e-10 9.60000e-10 -1.80705e+02
1.80000e-10 9.80000e-10 -1.80705e+02

2.00000e-10 0.00000e+00 -1.80705e+02
2.00000e-10 2.00000e-11 -1.80705e+02
2.00000e-10 4.00000e-11 -1.80705e+02
2.00000e-10 6.00000e-11 -1.80705e+02
2.00000e-10 8.00000e-11 3.24295e+21
2.00000e-10 1.00000e-10 -3.81336e+21
2.00000e-10 1.20000e-10 0.00000e+00
2.00000e-10 1.40000e-10 0.00000e+00
2.00000e-10 1.60000e-10 0.00000e+00
2.00000e-10 1.80000e-10 0.00000e+00
2.00000e-10 2.00000e-10 -4.44378e+21
2.00000e-10 2.20000e-10 8.05450e+21
2.00000e-10 2.40000e-10 -1.80705e+02
2.00000e-10 2.60000e-10 -1.80705e+02
2.00000e-10 2.80000e-10 -1.80705e+02
2.00000e-10 3.00000e-10 -1.80705e+02
2.00000e-10 3.20000e-10 -1.80705e+02
2.00000e-10 3.40000e-10 -1.80705e+02
2.00000e-10 3.60000e-10 -1.80705e+02
2.00000e-10 3.80000e-10 -1.89522e+22
2.00000e-10 4.00000e-10 -4.41690e+21
2.00000e-10 4.20000e-10 -1.99526e+21
2.00000e-10 4.40000e-10 -2.63120e+21
2.00000e-10 4.60000e-10 -2.77640e+21
2.00000e-10 4.80000e-10 -2.78653e+21
2.00000e-10 5.00000e-10 -2.79965e+21
2.00000e-10 5.20000e-10 -2.80161e+21
2.00000e-10 5.40000e-10 -2.70631e+21
2.00000e-10 5.60000e-10 -2.08893e+21
2.00000e-10 5.80000e-10 -4.83429e+21
2.00000e-10 6.00000e-10 -1.52223e+22
2.00000e-10 6.20000e-10 -1.80705e+02
2.00000e-10 6.40000e-10 -1.80705e+02
2.00000e-10 6.60000e-10 -1.80705e+02
2.00000e-10 6.80000e-10 -1.80705e+02
2.00000e-10 7.00000e-10 -1.80705e+02
2.00000e-10 7.20000e-10 -1.80705e+02
2.00000e-10 7.40000e-10 -1.80705e+02
2.00000e-10 7.60000e-10 -1.80705e+02
2.00000e-10 7.80000e-10 -1.80705e+02
2.00000e-10 8.00000e-10 -1.80705e+02
2.00000e-10 8.20000e-10 -1.80705e+02
2.00000e-10 8.40000e-10 -1.80705e+02
2.00000e-10 8.60000e-10 -1.80705e+02
2.00000e-10 8.80000e-10 -1.80705e+02
2.00000e-10 9.00000e-10 -1.80705e+02
2.00000e-10 9.20000e-10 -1.80705e+02
2.00000e-10 9.40000e-10 -1.80705e+02
2.00000e-10 9.60000e-10 -1.80705e+02
2.00000e-10 9.80000e-10 -1.80705e+02

2.20000e-10 0.00000e+00 -1.80705e+02
2.20000e-10 2.00000e-11 -1.80705e+02
2.20000e-10 4.00000e-11 -1.80705e+02
2.20000e-10 6.00000e-11 -1.80705e+02
2.20000e-10 8.00000e-11 3.36132e+21
2.20000e-10 1.00000e-10 -3.89960e+21
2.20000e-10 1.20000e-10 0.00000e+00
2.20000e-10 1.40000e-10 0.00000e+00
2.20000e-10 1.60000e-10 0.00000e+00
2.20000e-10 1.80000e-10 0.00000e+00
2.20000e-10 2.00000e-10 -4.56201e+21
2.20000e-10 2.20000e-10 7.74746e+21
2.20000e-10 2.40000e-10 -1.80705e+02
2.20000e-10 2.60000e-10 -1.80705e+02
2.20000e-10 2.80000e-10 -1.80705e+02
2.20000e-10 3.00000e-10 -1.80705e+02
2.20000e-10 3.20000e-10 -1.80705e+02
2.20000e-10 3.40000e-10 -1.80705e+02
2.20000e-10 3.60000e-10 -1.80705e+02
2.20000e-10 3.80000e-10 -1.80705e+02
2.20000e-10 4.00000e-10 -1.79332e+22
2.20000e-10 4.20000e-10 -5.49700e+21
2.20000e-10 4.40000e-10 -5.71322e+21
2.20000e-10 4.60000e-10 -4.71548e+21
2.20000e-10 4.80000e-10 -4.60422e+21
2.20000e-10 5.00000e-10 -4.46062e+21
2.20000e-10 5.20000e-10 -4.49513e+21
2.20000e-10 5.40000e-10 -5.12968e+21
2.20000e-10 5.60000e-10 -4.84098e+21
2.20000e-10 5.80000e-10 -1.52809e+22
2.20000e-10 6.00000e-10 -1.80705e+02
2.20000e-10 6.20000e-10 -1.80705e+02
2.20000e-10 6.40000e-10 -1.80705e+02
2.20000e-10 6.60000e-10 -1.80705e+02
2.20000e-10 6.80000e-10 -1.80705e+02
2.20000e-10 7.00000e-10 -1.80705e+02
2.20000e-10 7.20000e-10 -1.80705e+02
2.20000e-10 7.40000e-10 -1.80705e+02
2.20000e-10 7.60000e-10 -1.80705e+02
2.20000e-10 7.80000e-10 -1.80705e+02
2.20000e-10 8.00000e-10 -1.80705e+02
2.20000e-10 8.20000e-10 -1.80705e+02
2.20000e-10 8.40000e-10 -1.80705e+02
2.20000e-10 8.60000e-10 -1.80705e+02
2.20000e-10 8.80000e-10 -1.80705e+02
2.20000e-10 9.00000e-10 -1.80705e+02
2.20000e-10 9.20000e-10 -1.80705e+02
2.20000e-10 9.40000e-10 -1.80705e+02
2.20000e-10 9.60000e-10 -1.80705e+02
2.20000e-10 9.80000e-10 -1.80705e+02

2.40000e-10 0.00000e+00 -1.80705e+02
2.40000e-10 2.00000e-11 -1.80705e+02
2.40000e-10 4.00000e-11 -1.80705e+02
2.40000e-10 6.00000e-11 -1.80705e+02
2.40000e-10 8.00000e-11 3.53094e+21
2.40000e-10 1.00000e-10 -3.87570e+21
2.40000e-10 1.20000e-10 0.00000e+00
2.40000e-10 1.40000e-10 0.00000e+00
2.40000e-10 1.60000e-10 0.00000e+00
2.40000e-10 1.80000e-10 0.00000e+00
2.40000e-10 2.00000e-10 -4.39286e+21
2.40000e-10 2.20000e-10 7.23087e+21
2.40000e-10 2.40000e-10 -1.80705e+02
2.40000e-10 2.60000e-10 -1.80705e+02
2.40000e-10 2.80000e-10 -1.80705e+02
2.40000e-10 3.00000e-10 -1.80705e+02
2.40000e-10 3.20000e-10 -1.80705e+02
2.40000e-10 3.40000e-10 -1.80705e+02
2.40000e-10 3.60000e-10 -1.80705e+02
2.40000e-10 3.80000e-10 -1.80705e+02
2.40000e-10 4.00000e-10 -1.80705e+02
2.40000e-10 4.20000e-10 -1.80705e+02
2.40000e-10 4.40000e-10 -1.80705e+02
2.40000e-10 4.60000e-10 -1.80705e+02
2.40000e-10 4.80000e-10 -1.80705e+02
2.40000e-10 5.00000e-10 -1.80705e+02
2.40000e-10 5.20000e-10 -1.80705e+02
2.40000e-10 5.40000e-10 -1.80705e+02
2.40000e-10 5.60000e-10 -1.80705e+02
2.40000e-10 5.80000e-10 -1.80705e+02
2.40000e-10 6.00000e-10 -1.80705e+02
2.40000e-10 6.20000e-10 -1.80705e+02
2.40000e-10 6.40000e-10 -1.80705e+02
2.40000e-10 6.60000e-10 -1.80705e+02
2.40000e-10 6.80000e-10 -1.80705e+02
2.40000e-10 7.00000e-10 -1.80705e+02
2.40000e-10 7.20000e-10 -1.80705e+02
2.40000e-10 7.40000e-10 -1.80705e+02
2.40000e-10 7.60000e-10 -1.80705e+02
2.40000e-10 7.80000e-10 -1.80705e+02
2.40000e-10 8.00000e-10 -1.80705e+02
2.40000e-10 8.20000e-10 -1.80705e+02
2.40000e-10 8.40000e-10 -1.80705e+02
2.40000e-10 8.60000e-10 -1.80705e+02
2.40000e-10 8.80000e-10 -1.80705e+02
2.40000e-10 9.00000e-10 -1.80705e+02
2.40000e-10 9.20000e-10 -1.80705e+02
2.40000e-10 9.40000e-10 -1.80705e+02
2.40000e-10 9.60000e-10 -1.80705e+02
2.40000e-10 9.80000e-10 -1.80705e+02

2.60000e-10 0.00000e+00 -1.80705e+02
2.60000e-10 2.00000e-11 -1.80705e+02
2.60000e-10 4.00000e-11 -1.80705e+02
2.60000e-10 6.00000e-11 -1.80705e+02
2.60000e-10 8.00000e-11 3.67316e+21
2.60000e-10 1.00000e-10 -3.94778e+21
2.60000e-10 1.20000e-10 0.00000e+00
2.60000e-10 1.40000e-10 0.00000e+00
2.60000e-10 1.60000e-10 0.00000e+00
2.60000e-10 1.80000e-10 0.00000e+00
2.60000e-10 2.00000e-10 -4.38719e+21
2.60000e-10 2.20000e-10 6.76072e+21
2.60000e-10 2.40000e-10 -1.80705e+02
2.60000e-10 2.60000e-10 -1.80705e+02
2.60000e-10 2.80000e-10 -1.80705e+02
2.60000e-10 3.00000e-10 -1.80705e+02
2.60000e-10 3.20000e-10 -1.80705e+02
2.60000e-10 3.40000e-10 -1.80705e+02
2.60000e-10 3.60000e-10 -1.80705e+02
2.60000e-10 3.80000e-10 -1.80705e+02
2.60000e-10 4.00000e-10 -1.80705e+02
2.60000e-10 4.20000e-10 -1.80705e+02
2.60000e-10 4.40000e-10 -1.80705e+02
2.60000e-10 4.60000e-10 -1.80705e+02
2.60000e-10 4.80000e-10 -1.80705e+02
2.60000e-10 5.00000e-10 -1.80705e+02
2.60000e-10 5.20000e-10 -1.80705e+02
2.60000e-10 5.40000e-10 -1.80705e+02
2.60000e-10 5.60000e-10 -1.80705e+02
2.60000e-10 5.80000e-10 -1.80705e+02
2.60000e-10 6.00000e-10 -1.80705e+02
2.60000e-10 6.20000e-10 -1.80705e+02
2.60000e-10 6.40000e-10 -1.80705e+02
2.60000e-10 6.60000e-10 -1.80705e+02
2.60000e-10 6.80000e-10 -1.80705e+02
2.60000e-10 7.00000e-10 -1.80705e+02
2.60000e-10 7.20000e-10 -1.80705e+02
2.60000e-10 7.40000e-10 -1.80705e+02
2.60000e-10 7.60000e-10 -1.80705e+02
2.60000e-10 7.80000e-10 -1.80705e+02
2.60000e-10 8.00000e-10 2.61689e+21
2.60000e-10 8.20000e-10 2.09548e+21
2.60000e-10 8.40000e-10 1.60761e+21
2.60000e-10 8.60000e-10 9.64052e+20
2.60000e-10 8.80000e-10 9.35619e+20
2.60000e-10 9.00000e-10 -3.42472e+21
2.60000e-10 9.20000e-10 -1.80705e+02
2.60000e-10 9.40000e-10 -1.80705e+02
2.60000e-10 9.60000e-10 -1.80705e+02
2.60000e-10 9.80000e-10 -1.80705e+02

2.80000e-10 0.00000e+00 -1.80705e+02
2.80000e-10 2.00000e-11 -1.80705e+02
2.80000e-10 4.00000e-11 -1.80705e+02
2.80000e-10 6.00000e-11 -1.80705e+02
2.80000e-10 8.00000e-11 3.80132e+21
2.80000e-10 1.00000e-10 -3.93438e+21
2.80000e-10 1.20000e-10 0.00000e+00
2.80000e-10 1.40000e-10 0.00000e+00
2.80000e-10 1.60000e-10 0.00000e+00
2.80000e-10 1.80000e-10 0.00000e+00
2.80000e-10 2.00000e-10 -4.27050e+21
2.80000e-10 2.20000e-10 6.23982e+21
2.80000e-10 2.40000e-10 -1.80705e+02
2.80000e-10 2.60000e-10 -1.80705e+02
2.80000e-10 2.80000e-10 -1.80705e+02
2.80000e-10 3.00000e-10 -1.80705e+02
2.80000e-10 3.20000e-10 -1.80705e+02
2.80000e-10 3.40000e-10 -1.80705e+02
2.80000e-10 3.60000e-10 -1.80705e+02
2.80000e-10 3.80000e-10 -1.80705e+02
2.80000e-10 4.00000e-10 -1.80705e+02
2.80000e-10 4.20000e-10 -1.80705e+02
2.80000e-10 4.40000e-10 -1.80705e+02
2.80000e-10 4.60000e-10 -1.80705e+02
2.80000e-10 4.80000e-10 -1.80705e+02
2.80000e-10 5.00000e-10 -1.80705e+02
2.80000e-10 5.20000e-10 -1.80705e+02
2.80000e-10 5.40000e-10 -1.80705e+02
2.80000e-10 5.60000e-10 -1.80705e+02
2.80000e-10 5.80000e-10 -1.80705e+02
2.80000e-10 6.00000e-10 -1.80705e+02
2.80000e-10 6.20000e-10 -1.80705e+02
2.80000e-10 6.40000e-10 -1.80705e+02
2.80000e-10 6.60000e-10 -1.80705e+02
2.80000e-10 6.80000e-10 -1.80705e+02
2.80000e-10 7.00000e-10 -1.80705e+02
2.80000e-10 7.20000e-10 -1.80705e+02
2.80000e-10 7.40000e-10 -1.80705e+02
2.80000e-10 7.60000e-10 -1.80705e+02
2.80000e-10 7.80000e-10 4.23323e+21
2.80000e-10 8.00000e-10 -7.58213e+21
2.80000e-10 8.20000e-10 -3.09296e+21
2.80000e-10 8.40000e-10 -3.69200e+21
2.80000e-10 8.60000e-10 -3.52747e+21
2.80000e-10 8.80000e-10 -2.97125e+21
2.80000e-10 9.00000e-10 -6.62573e+21
2.80000e-10 9.20000e-10 -3.95467e+21
2.80000e-10 9.40000e-10 -1.80705e+02
2.80000e-10 9.60000e-10 -1.80705e+02
2.80000e-10 9.80000e-10 -1.80705e+02

3.00000e-10 0.00000e+00 -1.80705e+02
3.00000e-10 2.00000e-11 -1.80705e+02
3.00000e-10 4.00000e-11 -1.80705e+02
3.00000e-10 6.00000e-11 -1.80705e+02
3.00000e-10 8.00000e-11 3.91157e+21
3.00000e-10 1.00000e-10 -3.97414e+21
3.00000e-10 1.20000e-10 0.00000e+00
3.00000e-10 1.40000e-10 0.00000e+00
3.00000e-10 1.60000e-10 0.00000e+00
3.00000e-10 1.80000e-10 0.00000e+00
3.00000e-10 2.00000e-10 -4.23201e+21
3.00000e-10 2.20000e-10 5.76733e+21
3.00000e-10 2.40000e-10 -1.80705e+02
3.00000e-10 2.60000e-10 -1.80705e+02
3.00000e-10 2.80000e-10 -1.80705e+02
3.00000e-10 3.00000e-10 -1.80705e+02
3.00000e-10 3.20000e-10 -1.80705e+02
3.00000e-10 3.40000e-10 -1.80705e+02
3.00000e-10 3.60000e-10 -1.80705e+02
3.00000e-10 3.80000e-10 -1.80705e+02
3.00000e-10 4.00000e-10 -1.80705e+02
3.00000e-10 4.20000e-10 -1.80705e+02
3.00000e-10 4.40000e-10 -1.80705e+02
3.00000e-10 4.60000e-10 -1.80705e+02
3.00000e-10 4.80000e-10 -1.80705e+02
3.00000e-10 5.00000e-10 -1.80705e+02
3.00000e-10 5.20000e-10 -1.80705e+02
3.00000e-10 5.40000e-10 -1.80705e+02
3.00000e-10 5.60000e-10 -1.80705e+02
3.00000e-10 5.80000e-10 -1.80705e+02
3.00000e-10 6.00000e-10 -1.80705e+02
3.00000e-10 6.20000e-10 -1.80705e+02
3.00000e-10 6.40000e-10 -1.80705e+02
3.00000e-10 6.60000e-10 -1.80705e+02
3.00000e-10 6.80000e-10 -1.80705e+02
3.00000e-10 7.00000e-10 -1.80705e+02
3.00000e-10 7.20000e-10 -1.80705e+02
3.00000e-10 7.40000e-10 -1.80705e+02
3.00000e-10 7.60000e-10 -1.80705e+02
3.00000e-10 7.80000e-10 3.87223e+21
3.00000e-10 8.00000e-10 -3.36920e+21
3.00000e-10 8.20000e-10 0.00000e+00
3.00000e-10 8.40000e-10 0.00000e+00
3.00000e-10 8.60000e-10 0.00000e+00
3.00000e-10 8.80000e-10 0.00000e+00
3.00000e-10 9.00000e-10 -2.77202e+21
3.00000e-10 9.20000e-10 2.03269e+20
3.00000e-10 9.40000e-10 -1.80705e+02
3.00000e-10 9.60000e-10 -1.80705e+02
3.00000e-10 9.80000e-10 -1.80705e+02

3.20000e-10 0.00000e+00 -1.80705e+02
3.20000e-10 2.00000e-11 -1.80705e+02
3.20000e-10 4.00000e-11 -1.80705e+02
3.20000e-10 6.00000e-11 -1.80705e+02
3.20000e-10 8.00000e-11 4.00378e+21
3.20000e-10 1.00000e-10 -3.98068e+21
3.20000e-10 1.20000e-10 0.00000e+00
3.20000e-10 1.40000e-10 0.00000e+00
3.20000e-10 1.60000e-10 0.00000e+00
3.20000e-10 1.80000e-10 0.00000e+00
3.20000e-10 2.00000e-10 -4.15889e+21
3.20000e-10 2.20000e-10 5.30995e+21
3.20000e-10 2.40000e-10 -1.80705e+02
3.20000e-10 2.60000e-10 -1.80705e+02
3.20000e-10 2.80000e-10 -1.80705e+02
3.20000e-10 3.00000e-10 -1.80705e+02
3.20000e-10 3.20000e-10 -1.80705e+02
3.20000e-10 3.40000e-10 -1.80705e+02
3.20000e-10 3.60000e-10 -1.80705e+02
3.20000e-10 3.80000e-10 -1.80705e+02
3.20000e-10 4.00000e-10 -1.80705e+02
3.20000e-10 4.20000e-10 -1.80705e+02
3.20000e-10 4.40000e-10 -1.80705e+02
3.20000e-10 4.60000e-10 -1.80705e+02
3.20000e-10 4.80000e-10 -1.80705e+02
3.20000e-10 5.00000e-10 -1.80705e+02
3.20000e-10 5.20000e-10 -1.80705e+02
3.20000e-10 5.40000e-10 -1.80705e+02
3.20000e-10 5.60000e-10 -1.80705e+02
3.20000e-10 5.80000e-10 -1.80705e+02
3.20000e-10 6.00000e-10 -1.80705e+02
3.20000e-10 6.20000e-10 -1.80705e+02
3.20000e-10 6.40000e-10 -1.80705e+02
3.20000e-10 6.60000e-10 -1.80705e+02
3.20000e-10 6.80000e-10 -1.80705e+02
3.20000e-10 7.00000e-10 -1.80705e+02
3.20000e-10 7.20000e-10 -1.80705e+02
3.20000e-10 7.40000e-10 -1.80705e+02
3.20000e-10 7.60000e-10 -1.80705e+02
3.20000e-10 7.80000e-10 3.46558e+21
3.20000e-10 8.00000e-10 -3.99789e+21
3.20000e-10 8.20000e-10 0.00000e+00
3.20000e-10 8.40000e-10 0.00000e+00
3.20000e-10 8.60000e-10 0.00000e+00
3.20000e-10 8.80000e-10 0.00000e+00
3.20000e-10 9.00000e-10 -3.49507e+21
3.20000e-10 9.20000e-10 1.17946e+18
3.20000e-10 9.40000e-10 -1.80705e+02
3.20000e-10 9.60000e-10 -1.80705e+02
3.20000e-10 9.80000e-10 -1.80705e+02

3.40000e-10 0.00000e+00 -1.80705e+02
3.40000e-10 2.00000e-11 -1.80705e+02
3.40000e-10 4.00000e-11 -1.80705e+02
3.40000e-10 6.00000e-11 -1.80705e+02
3.40000e-10 8.00000e-11 4.07268e+21
3.40000e-10 1.00000e-10 -3.99415e+21
3.40000e-10 1.20000e-10 0.00000e+00
3.40000e-10 1.40000e-10 0.00000e+00
3.40000e-10 1.60000e-10 0.00000e+00
3.40000e-10 1.80000e-10 0.00000e+00
3.40000e-10 2.00000e-10 -4.10219e+21
3.40000e-10 2.20000e-10 4.90002e+21
3.40000e-10 2.40000e-10 -1.80705e+02
3.40000e-10 2.60000e-10 -1.80705e+02
3.40000e-10 2.80000e-10 -1.80705e+02
3.40000e-10 3.00000e-10 -1.80705e+02
3.40000e-10 3.20000e-10 -1.80705e+02
3.40000e-10 3.40000e-10 -1.80705e+02
3.40000e-10 3.60000e-10 -1.80705e+02
3.40000e-10 3.80000e-10 -1.80705e+02
3.40000e-10 4.00000e-10 -1.80705e+02
3.40000e-10 4.20000e-10 -1.80705e+02
3.40000e-10 4.40000e-10 -1.80705e+02
3.40000e-10 4.60000e-10 -1.80705e+02
3.40000e-10 4.80000e-10 -1.80705e+02
3.40000e-10 5.00000e-10 -1.80705e+02
3.40000e-10 5.20000e-10 -1.80705e+02
3.40000e-10 5.40000e-10 -1.80705e+02
3.40000e-10 5.60000e-10 -1.80705e+02
3.40000e-10 5.80000e-10 -1.80705e+02
3.40000e-10 6.00000e-10 -1.80705e+02
3.40000e-10 6.20000e-10 -1.80705e+02
3.40000e-10 6.40000e-10 -1.80705e+02
3.40000e-10 6.60000e-10 -1.80705e+02
3.40000e-10 6.80000e-10 -1.80705e+02
3.40000e-10 7.00000e-10 -1.80705e+02
3.40000e-10 7.20000e-10 -1.80705e+02
3.40000e-10 7.40000e-10 -1.80705e+02
3.40000e-10 7.60000e-10 -1.80705e+02
3.40000e-10 7.80000e-10 3.15384e+21
3.40000e-10 8.00000e-10 -3.75806e+21
3.40000e-10 8.20000e-10 0.00000e+00
3.40000e-10 8.40000e-10 0.00000e+00
3.40000e-10 8.60000e-10 0.00000e+00
3.40000e-10 8.80000e-10 0.00000e+00
3.40000e-10 9.00000e-10 -3.39852e+21
3.40000e-10 9.20000e-10 3.17557e+20
3.40000e-10 9.40000e-10 -1.80705e+02
3.40000e-10 9.60000e-10 -1.80705e+02
3.40000e-10 9.80000e-10 -1.80705e+02

3.60000e-10 0.00000e+00 -1.80705e+02
3.60000e-10 2.00000e-11 -1.80705e+02
3.60000e-10 4.00000e-11 -1.80705e+02
3.60000e-10 6.00000e-11 -1.80705e+02
3.60000e-10 8.00000e-11 4.12356e+21
3.60000e-10 1.00000e-10 -4.00955e+21
3.60000e-10 1.20000e-10 0.00000e+00
3.60000e-10 1.40000e-10 0.00000e+00
3.60000e-10 1.60000e-10 0.00000e+00
3.60000e-10 1.80000e-10 0.00000e+00
3.60000e-10 2.00000e-10 -4.06586e+21
3.60000e-10 2.20000e-10 4.54119e+21
3.60000e-10 2.40000e-10 -1.80705e+02
3.60000e-10 2.60000e-10 -1.80705e+02
3.60000e-10 2.80000e-10 -1.80705e+02
3.60000e-10 3.00000e-10 -1.80705e+02
3.60000e-10 3.20000e-10 -1.80705e+02
3.60000e-10 3.40000e-10 -1.80705e+02
3.60000e-10 3.60000e-10 -1.80705e+02
3.60000e-10 3.80000e-10 -1.80705e+02
3.60000e-10 4.00000e-10 -1.80705e+02
3.60000e-10 4.20000e-10 -1.80705e+02
3.60000e-10 4.40000e-10 -1.80705e+02
3.60000e-10 4.60000e-10 -1.80705e+02
3.60000e-10 4.80000e-10 -1.80705e+02
3.60000e-10 5.00000e-10 -1.80705e+02
3.60000e-10 5.20000e-10 -1.80705e+02
3.60000e-10 5.40000e-10 -1.80705e+02
3.60000e-10 5.60000e-10 -1.80705e+02
3.60000e-10 5.80000e-10 -1.80705e+02
3.60000e-10 6.00000e-10 -1.80705e+02
3.60000e-10 6.20000e-10 -1.80705e+02
3.60000e-10 6.40000e-10 -1.80705e+02
3.60000e-10 6.60000e-10 -1.80705e+02
3.60000e-10 6.80000e-10 -1.80705e+02
3.60000e-10 7.00000e-10 -1.80705e+02
3.60000e-10 7.20000e-10 -1.80705e+02
3.60000e-10 7.40000e-10 -1.80705e+02
3.60000e-10 7.60000e-10 -1.80705e+02
3.60000e-10 7.80000e-10 2.88412e+21
3.60000e-10 8.00000e-10 -3.88638e+21
3.60000e-10 8.20000e-10 0.00000e+00
3.60000e-10 8.40000e-10 0.00000e+00
3.60000e-10 8.60000e-10 0.00000e+00
3.60000e-10 8.80000e-10 0.00000e+00
3.60000e-10 9.00000e-10 -3.52008e+21
3.60000e-10 9.20000e-10 3.22916e+20
3.60000e-10 9.40000e-10 -1.80705e+02
3.60000e-10 9.60000e-10 -1.80705e+02
3.60000e-10 9.80000e-10 -1.80705e+02

3.80000e-10 0.00000e+00 -1.80705e+02
3.80000e-10 2.00000e-11 -1.80705e+02
3.80000e-10 4.00000e-11 -1.80705e+02
3.80000e-10 6.00000e-11 -1.80705e+02
3.80000e-10 8.00000e-11 4.16246e+21
3.80000e-10 1.00000e-10 -4.00446e+21
3.80000e-10 1.20000e-10 0.00000e+00
3.80000e-10 1.40000e-10 0.00000e+00
3.80000e-10 1.60000e-10 0.00000e+00
3.80000e-10 1.80000e-10 0.00000e+00
3.80000e-10 2.00000e-10 -4.00058e+21
3.80000e-10 2.20000e-10 4.22221e+21
3.80000e-10 2.40000e-10 -1.80705e+02
3.80000e-10 2.60000e-10 -1.80705e+02
3.80000e-10 2.80000e-10 -1.80705e+02
3.80000e-10 3.00000e-10 -1.80705e+02
3.80000e-10 3.20000e-10 -1.80705e+02
3.80000e-10 3.40000e-10 -1.80705e+02
3.80000e-10 3.60000e-10 -1.80705e+02
3.80000e-10 3.80000e-10 -1.80705e+02
3.80000e-10 4.00000e-10 -1.80705e+02
3.80000e-10 4.20000e-10 -1.80705e+02
3.80000e-10 4.40000e-10 -1.80705e+02
3.80000e-10 4.60000e-10 -1.80705e+02
3.80000e-10 4.80000e-10 -1.80705e+02
3.80000e-10 5.00000e-10 -1.80705e+02
3.80000e-10 5.20000e-10 -1.80705e+02
3.80000e-10 5.40000e-10 -1.80705e+02
3.80000e-10 5.60000e-10 -1.80705e+02
3.80000e-10 5.80000e-10 -1.80705e+02
3.80000e-10 6.00000e-10 -1.80705e+02
3.80000e-10 6.20000e-10 -1.80705e+02
3.80000e-10 6.40000e-10 -1.80705e+02
3.80000e-10 6.60000e-10 -1.80705e+02
3.80000e-10 6.80000e-10 -1.80705e+02
3.80000e-10 7.00000e-10 -1.80705e+02
3.80000e-10 7.20000e-10 -1.80705e+02
3.80000e-10 7.40000e-10 -1.80705e+02
3.80000e-10 7.60000e-10 -1.80705e+02
3.80000e-10 7.80000e-10 2.64196e+21
3.80000e-10 8.00000e-10 -3.75861e+21
3.80000e-10 8.20000e-10 0.00000e+00
3.80000e-10 8.40000e-10 0.00000e+00
3.80000e-10 8.60000e-10 0.00000e+00
3.80000e-10 8.80000e-10 0.00000e+00
3.80000e-10 9.00000e-10 -3.47519e+21
3.80000e-10 9.20000e-10 4.40989e+20
3.80000e-10 9.40000e-10 -1.80705e+02
3.80000e-10 9.60000e-10 -1.80705e+02
3.80000e-10 9.80000e-10 -1.80705e+02

4.00000e-10 0.00000e+00 -1.80705e+02
4.00000e-10 2.00000e-11 -1.80705e+02
4.00000e-10 4.00000e-11 -1.80705e+02
4.00000e-10 6.00000e-11 -1.80705e+02
4.00000e-10 8.00000e-11 4.18571e+21
4.00000e-10 1.00000e-10 -4.02725e+21
4.00000e-10 1.20000e-10 0.00000e+00
4.00000e-10 1.40000e-10 0.00000e+00
4.00000e-10 1.60000e-10 0.00000e+00
4.00000e-10 1.80000e-10 0.00000e+00
4.00000e-10 2.00000e-10 -3.99717e+21
4.00000e-10 2.20000e-10 3.97203e+21
4.00000e-10 2.40000e-10 -1.80705e+02
4.00000e-10 2.60000e-10 -1.80705e+02
4.00000e-10 2.80000e-10 -1.80705e+02
4.00000e-10 3.00000e-10 -1.80705e+02
4.00000e-10 3.20000e-10 -1.80705e+02
4.00000e-10 3.40000e-10 -1.80705e+02
4.00000e-10 3.60000e-10 -1.80705e+02
4.00000e-10 3.80000e-10 -1.80705e+02
4.00000e-10 4.00000e-10 -1.80705e+02
4.00000e-10 4.20000e-10 -1.80705e+02
4.00000e-10 4.40000e-10 -1.80705e+02
4.00000e-10 4.60000e-10 -1.80705e+02
4.00000e-10 4.80000e-10 -1.80705e+02
4.00000e-10 5.00000e-10 -1.80705e+02
4.00000e-10 5.20000e-10 -1.80705e+02
4.00000e-10 5.40000e-10 -1.80705e+02
4.00000e-10 5.60000e-10 -1.80705e+02
4.00000e-10 5.80000e-10 -1.80705e+02
4.00000e-10 6.00000e-10 -1.80705e+02
4.00000e-10 6.20000e-10 -1.80705e+02
4.00000e-10 6.40000e-10 -1.80705e+02
4.00000e-10 6.60000e-10 -1.80705e+02
4.00000e-10 6.80000e-10 -1.80705e+02
4.00000e-10 7.00000e-10 -1.80705e+02
4.00000e-10 7.20000e-10 -1.80705e+02
4.00000e-10 7.40000e-10 -1.80705e+02
4.00000e-10 7.60000e-10 -1.80705e+02
4.00000e-10 7.80000e-10 2.43734e+21
4.00000e-10 8.00000e-10 -3.81741e+21
4.00000e-10 8.20000e-10 0.00000e+00
4.00000e-10 8.40000e-10 0.00000e+00
4.00000e-10 8.60000e-10 0.00000e+00
4.00000e-10 8.80000e-10 0.00000e+00
4.00000e-10 9.00000e-10 -3.53377e+21
4.00000e-10 9.20000e-10 4.25813e+20
4.00000e-10 9.40000e-10 -1.80705e+02
4.00000e-10 9.60000e-10 -1.80705e+02
4.00000e-10 9.80000e-10 -1.80705e+02

4.20000e-10 0.00000e+00 -1.80705e+02
4.20000e-10 2.00000e-11 -1.80705e+02
4.20000e-10 4.00000e-11 -1.80705e+02
4.20000e-10 6.00000e-11 -1.80705e+02
4.20000e-10 8.00000e-11 4.20645e+21
4.20000e-10 1.00000e-10 -4.00894e+21
4.20000e-10 1.20000e-10 0.00000e+00
4.20000e-10 1.40000e-10 0.00000e+00
4.20000e-10 1.60000e-10 0.00000e+00
4.20000e-10 1.80000e-10 0.00000e+00
4.20000e-10 2.00000e-10 -3.92940e+21
4.20000e-10 2.20000e-10 3.74864e+21
4.20000e-10 2.40000e-10 -1.80705e+02
4.20000e-10 2.60000e-10 -1.80705e+02
4.20000e-10 2.80000e-10 -1.80705e+02
4.20000e-10 3.00000e-10 -1.80705e+02
4.20000e-10 3.20000e-10 -1.80705e+02
4.20000e-10 3.40000e-10 -1.80705e+02
4.20000e-10 3.60000e-10 -1.80705e+02
4.20000e-10 3.80000e-10 -1.80705e+02
4.20000e-10 4.00000e-10 -1.80705e+02
4.20000e-10 4.20000e-10 -1.80705e+02
4.20000e-10 4.40000e-10 -1.80705e+02
4.20000e-10 4.60000e-10 -1.80705e+02
4.20000e-10 4.80000e-10 -1.80705e+02
4.20000e-10 5.00000e-10 -1.80705e+02
4.20000e-10 5.20000e-10 -1.80705e+02
4.20000e-10 5.40000e-10 -1.80705e+02
4.20000e-10 5.60000e-10 -1.80705e+02
4.20000e-10 5.80000e-10 -1.80705e+02
4.20000e-10 6.00000e-10 -1.80705e+02
4.20000e-10 6.20000e-10 -1.80705e+02
4.20000e-10 6.40000e-10 -1.80705e+02
4.20000e-10 6.60000e-10 -1.80705e+02
4.20000e-10 6.80000e-10 -1.80705e+02
4.20000e-10 7.00000e-10 -1.80705e+02
4.20000e-10 7.20000e-10 -1.80705e+02
4.20000e-10 7.40000e-10 -1.80705e+02
4.20000e-10 7.60000e-10 -1.80705e+02
4.20000e-10 7.80000e-10 2.26858e+21
4.20000e-10 8.00000e-10 -3.72814e+21
4.20000e-10 8.20000e-10 0.00000e+00
4.20000e-10 8.40000e-10 0.00000e+00
4.20000e-10 8.60000e-10 0.00000e+00
4.20000e-10 8.80000e-10 0.00000e+00
4.20000e-10 9.00000e-10 -3.50092e+21
4.20000e-10 9.20000e-10 4.86954e+20
4.20000e-10 9.40000e-10 -1.80705e+02
4.20000e-10 9.60000e-10 -1.80705e+02
4.20000e-10 9.80000e-10 -1.80705e+02

4.40000e-10 0.00000e+00 -1.80705e+02
4.40000e-10 2.00000e-11 -1.80705e+02
4.40000e-10 4.00000e-11 -1.80705e+02
4.40000e-10 6.00000e-11 -1.80705e+02
4.40000e-10 8.00000e-11 4.21352e+21
4.40000e-10 1.00000e-10 -4.03714e+21
4.40000e-10 1.20000e-10 0.00000e+00
4.40000e-10 1.40000e-10 0.00000e+00
4.40000e-10 1.60000e-10 0.00000e+00
4.40000e-10 1.80000e-10 0.00000e+00
4.40000e-10 2.00000e-10 -3.95281e+21
4.40000e-10 2.20000e-10 3.60225e+21
4.40000e-10 2.40000e-10 -1.80705e+02
4.40000e-10 2.60000e-10 -1.80705e+02
4.40000e-10 2.80000e-10 -1.80705e+02
4.40000e-10 3.00000e-10 -1.80705e+02
4.40000e-10 3.20000e-10 -1.80705e+02
4.40000e-10 3.40000e-10 -1.80705e+02
4.40000e-10 3.60000e-10 -1.80705e+02
4.40000e-10 3.80000e-10 -1.80705e+02
4.40000e-10 4.00000e-10 -1.80705e+02
4.40000e-10 4.20000e-10 -1.80705e+02
4.40000e-10 4.40000e-10 -1.80705e+02
4.40000e-10 4.60000e-10 -1.80705e+02
4.40000e-10 4.80000e-10 -1.80705e+02
4.40000e-10 5.00000e-10 -1.80705e+02
4.40000e-10 5.20000e-10 -1.80705e+02
4.40000e-10 5.40000e-10 -1.80705e+02
4.40000e-10 5.60000e-10 -1.80705e+02
4.40000e-10 5.80000e-10 -1.80705e+02
4.40000e-10 6.00000e-10 -1.80705e+02
4.40000e-10 6.20000e-10 -1.80705e+02
4.40000e-10 6.40000e-10 -1.80705e+02
4.40000e-10 6.60000e-10 -1.80705e+02
4.40000e-10 6.80000e-10 -1.80705e+02
4.40000e-10 7.00000e-10 -1.80705e+02
4.40000e-10 7.20000e-10 -1.80705e+02
4.40000e-10 7.40000e-10 -1.80705e+02
4.40000e-10 7.60000e-10 -1.80705e+02
4.40000e-10 7.80000e-10 2.13706e+21
4.40000e-10 8.00000e-10 -3.77284e+21
4.40000e-10 8.20000e-10 0.00000e+00
4.40000e-10 8.40000e-10 0.00000e+00
4.40000e-10 8.60000e-10 0.00000e+00
4.40000e-10 8.80000e-10 0.00000e+00
4.40000e-10 9.00000e-10 -3.53928e+21
4.40000e-10 9.20000e-10 4.63515e+20
4.40000e-10 9.40000e-10 -1.80705e+02
4.40000e-10 9.60000e-10 -1.80705e+02
4.40000e-10 9.80000e-10 -1.80705e+02

4.60000e-10 0.00000e+00 -1.80705e+02
4.60000e-10 2.00000e-11 -1.80705e+02
4.60000e-10 4.00000e-11 -1.80705e+02
4.60000e-10 6.00000e-11 -1.80705e+02
4.60000e-10 8.00000e-11 4.22383e+21
4.60000e-10 1.00000e-10 -4.01032e+21
4.60000e-10 1.20000e-10 0.00000e+00
4.60000e-10 1.40000e-10 0.00000e+00
4.60000e-10 1.60000e-10 0.00000e+00
4.60000e-10 1.80000e-10 0.00000e+00
4.60000e-10 2.00000e-10 -3.88761e+21
4.60000e-10 2.20000e-10 3.47131e+21
4.60000e-10 2.40000e-10 -1.80705e+02
4.60000e-10 2.60000e-10 -1.80705e+02
4.60000e-10 2.80000e-10 -1.80705e+02
4.60000e-10 3.00000e-10 -1.80705e+02
4.60000e-10 3.20000e-10 -1.80705e+02
4.60000e-10 3.40000e-10 -1.80705e+02
4.60000e-10 3.60000e-10 -1.80705e+02
4.60000e-10 3.80000e-10 -1.80705e+02
4.60000e-10 4.00000e-10 -1.80705e+02
4.60000e-10 4.20000e-10 -1.80705e+02
4.60000e-10 4.40000e-10 -1.80705e+02
4.60000e-10 4.60000e-10 -1.80705e+02
4.60000e-10 4.80000e-10 -1.80705e+02
4.60000e-10 5.00000e-10 -1.80705e+02
4.60000e-10 5.20000e-10 -1.80705e+02
4.60000e-10 5.40000e-10 -1.80705e+02
4.60000e-10 5.60000e-10 -1.80705e+02
4.60000e-10 5.80000e-10 -1.80705e+02
4.60000e-10 6.00000e-10 -1.80705e+02
4.60000e-10 6.20000e-10 -1.80705e+02
4.60000e-10 6.40000e-10 -1.80705e+02
4.60000e-10 6.60000e-10 -1.80705e+02
4.60000e-10 6.80000e-10 -1.80705e+02
4.60000e-10 7.00000e-10 -1.80705e+02
4.60000e-10 7.20000e-10 -1.80705e+02
4.60000e-10 7.40000e-10 -1.80705e+02
4.60000e-10 7.60000e-10 -1.80705e+02
4.60000e-10 7.80000e-10 2.04383e+21
4.60000e-10 8.00000e-10 -3.70370e+21
4.60000e-10 8.20000e-10 0.00000e+00
4.60000e-10 8.40000e-10 0.00000e+00
4.60000e-10 8.60000e-10 0.00000e+00
4.60000e-10 8.80000e-10 0.00000e+00
4.60000e-10 9.00000e-10 -3.50909e+21
4.60000e-10 9.20000e-10 5.03711e+20
4.60000e-10 9.40000e-10 -1.80705e+02
4.60000e-10 9.60000e-10 -1.80705e+02
4.60000e-10 9.80000e-10 -1.80705e+02

4.80000e-10 0.00000e+00 -1.80705e+02
4.80000e-10 2.00000e-11 -1.80705e+02
4.80000e-10 4.00000e-11 -1.80705e+02
4.80000e-10 6.00000e-11 -1.80705e+02
4.80000e-10 8.00000e-11 4.22104e+21
4.80000e-10 1.00000e-10 -4.04119e+21
4.80000e-10 1.20000e-10 0.00000e+00
4.80000e-10 1.40000e-10 0.00000e+00
4.80000e-10 1.60000e-10 0.00000e+00
4.80000e-10 1.80000e-10 0.00000e+00
4.80000e-10 2.00000e-10 -3.93120e+21
4.80000e-10 2.20000e-10 3.42106e+21
4.80000e-10 2.40000e-10 -1.80705e+02
4.80000e-10 2.60000e-10 -1.80705e+02
4.80000e-10 2.80000e-10 -1.80705e+02
4.80000e-10 3.00000e-10 -1.80705e+02
4.80000e-10 3.20000e-10 -1.80705e+02
4.80000e-10 3.40000e-10 -1.80705e+02
4.80000e-10 3.60000e-10 -1.80705e+02
4.80000e-10 3.80000e-10 -1.80705e+02
4.80000e-10 4.00000e-10 -1.80705e+02
4.80000e-10 4.20000e-10 -1.80705e+02
4.80000e-10 4.40000e-10 -1.80705e+02
4.80000e-10 4.60000e-10 -1.80705e+02
4.80000e-10 4.80000e-10 -1.80705e+02
4.80000e-10 5.00000e-10 -1.80705e+02
4.80000e-10 5.20000e-10 -1.80705e+02
4.80000e-10 5.40000e-10 -1.80705e+02
4.80000e-10 5.60000e-10 -1.80705e+02
4.80000e-10 5.80000e-10 -1.80705e+02
4.80000e-10 6.00000e-10 -1.80705e+02
4.80000e-10 6.20000e-10 -1.80705e+02
4.80000e-10 6.40000e-10 -1.80705e+02
4.80000e-10 6.60000e-10 -1.80705e+02
4.80000e-10 6.80000e-10 -1.80705e+02
4.80000e-10 7.00000e-10 -1.80705e+02
4.80000e-10 7.20000e-10 -1.80705e+02
4.80000e-10 7.40000e-10 -1.80705e+02
4.80000e-10 7.60000e-10 -1.80705e+02
4.80000e-10 7.80000e-10 1.98511e+21
4.80000e-10 8.00000e-10 -3.75080e+21
4.80000e-10 8.20000e-10 0.00000e+00
4.80000e-10 8.40000e-10 0.00000e+00
4.80000e-10 8.60000e-10 0.00000e+00
4.80000e-10 8.80000e-10 0.00000e+00
4.80000e-10 9.00000e-10 -3.54088e+21
4.80000e-10 9.20000e-10 4.73237e+20
4.80000e-10 9.40000e-10 -1.80705e+02
4.80000e-10 9.60000e-10 -1.80705e+02
4.80000e-10 9.80000e-10 -1.80705e+02

5.00000e-10 0.00000e+00 -1.80705e+02
5.00000e-10 2.00000e-11 -1.80705e+02
5.00000e-10 4.00000e-11 -1.80705e+02
5.00000e-10 6.00000e-11 -1.80705e+02
5.00000e-10 8.00000e-11 4.22364e+21
5.00000e-10 1.00000e-10 -4.00993e+21
5.00000e-10 1.20000e-10 0.00000e+00
5.00000e-10 1.40000e-10 0.00000e+00
5.00000e-10 1.60000e-10 0.00000e+00
5.00000e-10 1.80000e-10 0.00000e+00
5.00000e-10 2.00000e-10 -3.87387e+21
5.00000e-10 2.20000e-10 3.37999e+21
5.00000e-10 2.40000e-10 -1.80705e+02
5.00000e-10 2.60000e-10 -1.80705e+02
5.00000e-10 2.80000e-10 -1.80705e+02
5.00000e-10 3.00000e-10 -1.80705e+02
5.00000e-10 3.20000e-10 -1.80705e+02
5.00000e-10 3.40000e-10 -1.80705e+02
5.00000e-10 3.60000e-10 -1.80705e+02
5.00000e-10 3.80000e-10 -1.80705e+02
5.00000e-10 4.00000e-10 -1.80705e+02
5.00000e-10 4.20000e-10 -1.80705e+02
5.00000e-10 4.40000e-10 -1.80705e+02
5.00000e-10 4.60000e-10 -1.80705e+02
5.00000e-10 4.80000e-10 -1.80705e+02
5.00000e-10 5.00000e-10 -1.80705e+02
5.00000e-10 5.20000e-10 -1.80705e+02
5.00000e-10 5.40000e-10 -1.80705e+02
5.00000e-10 5.60000e-10 -1.80705e+02
5.00000e-10 5.80000e-10 -1.80705e+02
5.00000e-10 6.00000e-10 -1.80705e+02
5.00000e-10 6.20000e-10 -1.80705e+02
5.00000e-10 6.40000e-10 -1.80705e+02
5.00000e-10 6.60000e-10 -1.80705e+02
5.00000e-10 6.80000e-10 -1.80705e+02
5.00000e-10 7.00000e-10 -1.80705e+02
5.00000e-10 7.20000e-10 -1.80705e+02
5.00000e-10 7.40000e-10 -1.80705e+02
5.00000e-10 7.60000e-10 -1.80705e+02
5.00000e-10 7.80000e-10 1.96646e+21
5.00000e-10 8.00000e-10 -3.69366e+21
5.00000e-10 8.20000e-10 0.00000e+00
5.00000e-10 8.40000e-10 0.00000e+00
5.00000e-10 8.60000e-10 0.00000e+00
5.00000e-10 8.80000e-10 0.00000e+00
5.00000e-10 9.00000e-10 -3.50959e+21
5.00000e-10 9.20000e-10 5.03381e+20
5.00000e-10 9.40000e-10 -1.80705e+02
5.00000e-10 9.60000e-10 -1.80705e+02
5.00000e-10 9.80000e-10 -1.80705e+02

5.20000e-10 0.00000e+00 -1.80705e+02
5.20000e-10 2.00000e-11 -1.80705e+02
5.20000e-10 4.00000e-11 -1.80705e+02
5.20000e-10 6.00000e-11 -1.80705e+02
5.20000e-10 8.00000e-11 4.21268e+21
5.20000e-10 1.00000e-10 -4.04003e+21
5.20000e-10 1.20000e-10 0.00000e+00
5.20000e-10 1.40000e-10 0.00000e+00
5.20000e-10 1.60000e-10 0.00000e+00
5.20000e-10 1.80000e-10 0.00000e+00
5.20000e-10 2.00000e-10 -3.93121e+21
5.20000e-10 2.20000e-10 3.42069e+21
5.20000e-10 2.40000e-10 -1.80705e+02
5.20000e-10 2.60000e-10 -1.80705e+02
5.20000e-10 2.80000e-10 -1.80705e+02
5.20000e-10 3.00000e-10 -1.80705e+02
5.20000e-10 3.20000e-10 -1.80705e+02
5.20000e-10 3.40000e-10 -1.80705e+02
5.20000e-10 3.60000e-10 -1.80705e+02
5.20000e-10 3.80000e-10 -1.80705e+02
5.20000e-10 4.00000e-10 -1.80705e+02
5.20000e-10 4.20000e-10 -1.80705e+02
5.20000e-10 4.40000e-10 -1.80705e+02
5.20000e-10 4.60000e-10 -1.80705e+02
5.20000e-10 4.80000e-10 -1.80705e+02
5.20000e-10 5.00000e-10 -1.80705e+02
5.20000e-10 5.20000e-10 -1.80705e+02
5.20000e-10 5.40000e-10 -1.80705e+02
5.20000e-10 5.60000e-10 -1.80705e+02
5.20000e-10 5.80000e-10 -1.80705e+02
5.20000e-10 6.00000e-10 -1.80705e+02
5.20000e-10 6.20000e-10 -1.80705e+02
5.20000e-10 6.40000e-10 -1.80705e+02
5.20000e-10 6.60000e-10 -1.80705e+02
5.20000e-10 6.80000e-10 -1.80705e+02
5.20000e-10 7.00000e-10 -1.80705e+02
5.20000e-10 7.20000e-10 -1.80705e+02
5.20000e-10 7.40000e-10 -1.80705e+02
5.20000e-10 7.60000e-10 -1.80705e+02
5.20000e-10 7.80000e-10 1.97924e+21
5.20000e-10 8.00000e-10 -3.75075e+21
5.20000e-10 8.20000e-10 0.00000e+00
5.20000e-10 8.40000e-10 0.00000e+00
5.20000e-10 8.60000e-10 0.00000e+00
5.20000e-10 8.80000e-10 0.00000e+00
5.20000e-10 9.00000e-10 -3.54000e+21
5.20000e-10 9.20000e-10 4.62817e+20
5.20000e-10 9.40000e-10 -1.80705e+02
5.20000e-10 9.60000e-10 -1.80705e+02
5.20000e-10 9.80000e-10 -1.80705e+02

5.40000e-10 0.00000e+00 -1.80705e+02
5.40000e-10 2.00000e-11 -1.80705e+02
5.40000e-10 4.00000e-11 -1.80705e+02
5.40000e-10 6.00000e-11 -1.80705e+02
5.40000e-10 8.00000e-11 4.20591e+21
5.40000e-10 1.00000e-10 -4.00780e+21
5.40000e-10 1.20000e-10 0.00000e+00
5.40000e-10 1.40000e-10 0.00000e+00
5.40000e-10 1.60000e-10 0.00000e+00
5.40000e-10 1.80000e-10 0.00000e+00
5.40000e-10 2.00000e-10 -3.88768e+21
5.40000e-10 2.20000e-10 3.47059e+21
5.40000e-10 2.40000e-10 -1.80705e+02
5.40000e-10 2.60000e-10 -1.80705e+02
5.40000e-10 2.80000e-10 -1.80705e+02
5.40000e-10 3.00000e-10 -1.80705e+02
5.40000e-10 3.20000e-10 -1.80705e+02
5.40000e-10 3.40000e-10 -1.80705e+02
5.40000e-10 3.60000e-10 -1.80705e+02
5.40000e-10 3.80000e-10 -1.80705e+02
5.40000e-10 4.00000e-10 -1.80705e+02
5.40000e-10 4.20000e-10 -1.80705e+02
5.40000e-10 4.40000e-10 -1.80705e+02
5.40000e-10 4.60000e-10 -1.80705e+02
5.40000e-10 4.80000e-10 -1.80705e+02
5.40000e-10 5.00000e-10 -1.80705e+02
5.40000e-10 5.20000e-10 -1.80705e+02
5.40000e-10 5.40000e-10 -1.80705e+02
5.40000e-10 5.60000e-10 -1.80705e+02
5.40000e-10 5.80000e-10 -1.80705e+02
5.40000e-10 6.00000e-10 -1.80705e+02
5.40000e-10 6.20000e-10 -1.80705e+02
5.40000e-10 6.40000e-10 -1.80705e+02
5.40000e-10 6.60000e-10 -1.80705e+02
5.40000e-10 6.80000e-10 -1.80705e+02
5.40000e-10 7.00000e-10 -1.80705e+02
5.40000e-10 7.20000e-10 -1.80705e+02
5.40000e-10 7.40000e-10 -1.80705e+02
5.40000e-10 7.60000e-10 -1.80705e+02
5.40000e-10 7.80000e-10 2.03467e+21
5.40000e-10 8.00000e-10 -3.69782e+21
5.40000e-10 8.20000e-10 0.00000e+00
5.40000e-10 8.40000e-10 0.00000e+00
5.40000e-10 8.60000e-10 0.00000e+00
5.40000e-10 8.80000e-10 0.00000e+00
5.40000e-10 9.00000e-10 -3.50243e+21
5.40000e-10 9.20000e-10 4.85958e+20
5.40000e-10 9.40000e-10 -1.80705e+02
5.40000e-10 9.60000e-10 -1.80705e+02
5.40000e-10 9.80000e-10 -1.80705e+02

5.60000e-10 0.00000e+00 -1.80705e+02
5.60000e-10 2.00000e-11 -1.80705e+02
5.60000e-10 4.00000e-11 -1.80705e+02
5.60000e-10 6.00000e-11 -1.80705e+02
5.60000e-10 8.00000e-11 4.18405e+21
5.60000e-10 1.00000e-10 -4.03303e+21
5.60000e-10 1.20000e-10 0.00000e+00
5.60000e-10 1.40000e-10 0.00000e+00
5.60000e-10 1.60000e-10 0.00000e+00
5.60000e-10 1.80000e-10 0.00000e+00
5.60000e-10 2.00000e-10 -3.95289e+21
5.60000e-10 2.20000e-10 3.60121e+21
5.60000e-10 2.40000e-10 -1.80705e+02
5.60000e-10 2.60000e-10 -1.80705e+02
5.60000e-10 2.80000e-10 -1.80705e+02
5.60000e-10 3.00000e-10 -1.80705e+02
5.60000e-10 3.20000e-10 -1.80705e+02
5.60000e-10 3.40000e-10 -1.80705e+02
5.60000e-10 3.60000e-10 -1.80705e+02
5.60000e-10 3.80000e-10 -1.80705e+02
5.60000e-10 4.00000e-10 -1.80705e+02
5.60000e-10 4.20000e-10 -1.80705e+02
5.60000e-10 4.40000e-10 -1.80705e+02
5.60000e-10 4.60000e-10 -1.80705e+02
5.60000e-10 4.80000e-10 -1.80705e+02
5.60000e-10 5.00000e-10 -1.80705e+02
5.60000e-10 5.20000e-10 -1.80705e+02
5.60000e-10 5.40000e-10 -1.80705e+02
5.60000e-10 5.60000e-10 -1.80705e+02
5.60000e-10 5.80000e-10 -1.80705e+02
5.60000e-10 6.00000e-10 -1.80705e+02
5.60000e-10 6.20000e-10 -1.80705e+02
5.60000e-10 6.40000e-10 -1.80705e+02
5.60000e-10 6.60000e-10 -1.80705e+02
5.60000e-10 6.80000e-10 -1.80705e+02
5.60000e-10 7.00000e-10 -1.80705e+02
5.60000e-10 7.20000e-10 -1.80705e+02
5.60000e-10 7.40000e-10 -1.80705e+02
5.60000e-10 7.60000e-10 -1.80705e+02
5.60000e-10 7.80000e-10 2.11773e+21
5.60000e-10 8.00000e-10 -3.77256e+21
5.60000e-10 8.20000e-10 0.00000e+00
5.60000e-10 8.40000e-10 0.00000e+00
5.60000e-10 8.60000e-10 0.00000e+00
5.60000e-10 8.80000e-10 0.00000e+00
5.60000e-10 9.00000e-10 -3.53515e+21
5.60000e-10 9.20000e-10 4.24374e+20
5.60000e-10 9.40000e-10 -1.80705e+02
5.60000e-10 9.60000e-10 -1.80705e+02
5.60000e-10 9.80000e-10 -1.80705e+02

5.80000e-10 0.00000e+00 -1.80705e+02
5.80000e-10 2.00000e-11 -1.80705e+02
5.80000e-10 4.00000e-11 -1.80705e+02
5.80000e-10 6.00000e-11 -1.80705e+02
5.80000e-10 8.00000e-11 4.16157e+21
5.80000e-10 1.00000e-10 -4.00265e+21
5.80000e-10 1.20000e-10 0.00000e+00
5.80000e-10 1.40000e-10 0.00000e+00
5.80000e-10 1.60000e-10 0.00000e+00
5.80000e-10 1.80000e-10 0.00000e+00
5.80000e-10 2.00000e-10 -3.92962e+21
5.80000e-10 2.20000e-10 3.74731e+21
5.80000e-10 2.40000e-10 -1.80705e+02
5.80000e-10 2.60000e-10 -1.80705e+02
5.80000e-10 2.80000e-10 -1.80705e+02
5.80000e-10 3.00000e-10 -1.80705e+02
5.80000e-10 3.20000e-10 -1.80705e+02
5.80000e-10 3.40000e-10 -1.80705e+02
5.80000e-10 3.60000e-10 -1.80705e+02
5.80000e-10 3.80000e-10 -1.80705e+02
5.80000e-10 4.00000e-10 -1.80705e+02
5.80000e-10 4.20000e-10 -1.80705e+02
5.80000e-10 4.40000e-10 -1.80705e+02
5.80000e-10 4.60000e-10 -1.80705e+02
5.80000e-10 4.80000e-10 -1.80705e+02
5.80000e-10 5.00000e-10 -1.80705e+02
5.80000e-10 5.20000e-10 -1.80705e+02
5.80000e-10 5.40000e-10 -1.80705e+02
5.80000e-10 5.60000e-10 -1.80705e+02
5.80000e-10 5.80000e-10 -1.80705e+02
5.80000e-10 6.00000e-10 -1.80705e+02
5.80000e-10 6.20000e-10 -1.80705e+02
5.80000e-10 6.40000e-10 -1.80705e+02
5.80000e-10 6.60000e-10 -1.80705e+02
5.80000e-10 6.80000e-10 -1.80705e+02
5.80000e-10 7.00000e-10 -1.80705e+02
5.80000e-10 7.20000e-10 -1.80705e+02
5.80000e-10 7.40000e-10 -1.80705e+02
5.80000e-10 7.60000e-10 -1.80705e+02
5.80000e-10 7.80000e-10 2.24768e+21
5.80000e-10 8.00000e-10 -3.70754e+21
5.80000e-10 8.20000e-10 0.00000e+00
5.80000e-10 8.40000e-10 0.00000e+00
5.80000e-10 8.60000e-10 0.00000e+00
5.80000e-10 8.80000e-10 0.00000e+00
5.80000e-10 9.00000e-10 -3.47772e+21
5.80000e-10 9.20000e-10 4.39274e+20
5.80000e-10 9.40000e-10 -1.80705e+02
5.80000e-10 9.60000e-10 -1.80705e+02
5.80000e-10 9.80000e-10 -1.80705e+02

6.00000e-10 0.00000e+00 -1.80705e+02
6.00000e-10 2.00000e-11 -1.80705e+02
6.00000e-10 4.00000e-11 -1.80705e+02
6.00000e-10 6.00000e-11 -1.80705e+02
6.00000e-10 8.00000e-11 4.12108e+21
6.00000e-10 1.00000e-10 -4.01824e+21
6.00000e-10 1.20000e-10 0.00000e+00
6.00000e-10 1.40000e-10 0.00000e+00
6.00000e-10 1.60000e-10 0.00000e+00
6.00000e-10 1.80000e-10 0.00000e+00
6.00000e-10 2.00000e-10 -3.99743e+21
6.00000e-10 2.20000e-10 3.97050e+21
6.00000e-10 2.40000e-10 -1.80705e+02
6.00000e-10 2.60000e-10 -1.80705e+02
6.00000e-10 2.80000e-10 -1.80705e+02
6.00000e-10 3.00000e-10 -1.80705e+02
6.00000e-10 3.20000e-10 -1.80705e+02
6.00000e-10 3.40000e-10 -1.80705e+02
6.00000e-10 3.60000e-10 -1.80705e+02
6.00000e-10 3.80000e-10 -1.80705e+02
6.00000e-10 4.00000e-10 -1.80705e+02
6.00000e-10 4.20000e-10 -1.80705e+02
6.00000e-10 4.40000e-10 -1.80705e+02
6.00000e-10 4.60000e-10 -1.80705e+02
6.00000e-10 4.80000e-10 -1.80705e+02
6.00000e-10 5.00000e-10 -1.80705e+02
6.00000e-10 5.20000e-10 -1.80705e+02
6.00000e-10 5.40000e-10 -1.80705e+02
6.00000e-10 5.60000e-10 -1.80705e+02
6.00000e-10 5.80000e-10 -1.80705e+02
6.00000e-10 6.00000e-10 -1.80705e+02
6.00000e-10 6.20000e-10 -1.80705e+02
6.00000e-10 6.40000e-10 -1.80705e+02
6.00000e-10 6.60000e-10 -1.80705e+02
6.00000e-10 6.80000e-10 -1.80705e+02
6.00000e-10 7.00000e-10 -1.80705e+02
6.00000e-10 7.20000e-10 -1.80705e+02
6.00000e-10 7.40000e-10 -1.80705e+02
6.00000e-10 7.60000e-10 -1.80705e+02
6.00000e-10 7.80000e-10 2.39638e+21
6.00000e-10 8.00000e-10 -3.81757e+21
6.00000e-10 8.20000e-10 0.00000e+00
6.00000e-10 8.40000e-10 0.00000e+00
6.00000e-10 8.60000e-10 0.00000e+00
6.00000e-10 8.80000e-10 0.00000e+00
6.00000e-10 9.00000e-10 -3.52189e+21
6.00000e-10 9.20000e-10 3.20511e+20
6.00000e-10 9.40000e-10 -1.80705e+02
6.00000e-10 9.60000e-10 -1.80705e+02
6.00000e-10 9.80000e-10 -1.80705e+02

6.20000e-10 0.00000e+00 -1.80705e+02
6.20000e-10 2.00000e-11 -1.80705e+02
6.20000e-10 4.00000e-11 -1.80705e+02
6.20000e-10 6.00000e-11 -1.80705e+02
6.20000e-10 8.00000e-11 4.07142e+21
6.20000e-10 1.00000e-10 -3.99167e+21
6.20000e-10 1.20000e-10 0.00000e+00
6.20000e-10 1.40000e-10 0.00000e+00
6.20000e-10 1.60000e-10 0.00000e+00
6.20000e-10 1.80000e-10 0.00000e+00
6.20000e-10 2.00000e-10 -4.00108e+21
6.20000e-10 2.20000e-10 4.22052e+21
6.20000e-10 2.40000e-10 -1.80705e+02
6.20000e-10 2.60000e-10 -1.80705e+02
6.20000e-10 2.80000e-10 -1.80705e+02
6.20000e-10 3.00000e-10 -1.80705e+02
6.20000e-10 3.20000e-10 -1.80705e+02
6.20000e-10 3.40000e-10 -1.80705e+02
6.20000e-10 3.60000e-10 -1.80705e+02
6.20000e-10 3.80000e-10 -1.80705e+02
6.20000e-10 4.00000e-10 -1.80705e+02
6.20000e-10 4.20000e-10 -1.80705e+02
6.20000e-10 4.40000e-10 -1.80705e+02
6.20000e-10 4.60000e-10 -1.80705e+02
6.20000e-10 4.80000e-10 -1.80705e+02
6.20000e-10 5.00000e-10 -1.80705e+02
6.20000e-10 5.20000e-10 -1.80705e+02
6.20000e-10 5.40000e-10 -1.80705e+02
6.20000e-10 5.60000e-10 -1.80705e+02
6.20000e-10 5.80000e-10 -1.80705e+02
6.20000e-10 6.00000e-10 -1.80705e+02
6.20000e-10 6.20000e-10 -1.80705e+02
6.20000e-10 6.40000e-10 -1.80705e+02
6.20000e-10 6.60000e-10 -1.80705e+02
6.20000e-10 6.80000e-10 -1.80705e+02
6.20000e-10 7.00000e-10 -1.80705e+02
6.20000e-10 7.20000e-10 -1.80705e+02
6.20000e-10 7.40000e-10 -1.80705e+02
6.20000e-10 7.60000e-10 -1.80705e+02
6.20000e-10 7.80000e-10 2.59729e+21
6.20000e-10 8.00000e-10 -3.68707e+21
6.20000e-10 8.20000e-10 0.00000e+00
6.20000e-10 8.40000e-10 0.00000e+00
6.20000e-10 8.60000e-10 0.00000e+00
6.20000e-10 8.80000e-10 0.00000e+00
6.20000e-10 9.00000e-10 -3.40205e+21
6.20000e-10 9.20000e-10 3.14809e+20
6.20000e-10 9.40000e-10 -1.80705e+02
6.20000e-10 9.60000e-10 -1.80705e+02
6.20000e-10 9.80000e-10 -1.80705e+02

6.40000e-10 0.00000e+00 -1.80705e+02
6.40000e-10 2.00000e-11 -1.80705e+02
6.40000e-10 4.00000e-11 -1.80705e+02
6.40000e-10 6.00000e-11 -1.80705e+02
6.40000e-10 8.00000e-11 4.00042e+21
6.40000e-10 1.00000e-10 -3.99233e+21
6.40000e-10 1.20000e-10 0.00000e+00
6.40000e-10 1.40000e-10 0.00000e+00
6.40000e-10 1.60000e-10 0.00000e+00
6.40000e-10 1.80000e-10 0.00000e+00
6.40000e-10 2.00000e-10 -4.06642e+21
6.40000e-10 2.20000e-10 4.53942e+21
6.40000e-10 2.40000e-10 -1.80705e+02
6.40000e-10 2.60000e-10 -1.80705e+02
6.40000e-10 2.80000e-10 -1.80705e+02
6.40000e-10 3.00000e-10 -1.80705e+02
6.40000e-10 3.20000e-10 -1.80705e+02
6.40000e-10 3.40000e-10 -1.80705e+02
6.40000e-10 3.60000e-10 -1.80705e+02
6.40000e-10 3.80000e-10 -1.80705e+02
6.40000e-10 4.00000e-10 -1.80705e+02
6.40000e-10 4.20000e-10 -1.80705e+02
6.40000e-10 4.40000e-10 -1.80705e+02
6.40000e-10 4.60000e-10 -1.80705e+02
6.40000e-10 4.80000e-10 -1.80705e+02
6.40000e-10 5.00000e-10 -1.80705e+02
6.40000e-10 5.20000e-10 -1.80705e+02
6.40000e-10 5.40000e-10 -1.80705e+02
6.40000e-10 5.60000e-10 -1.80705e+02
6.40000e-10 5.80000e-10 -1.80705e+02
6.40000e-10 6.00000e-10 -1.80705e+02
6.40000e-10 6.20000e-10 -1.80705e+02
6.40000e-10 6.40000e-10 -1.80705e+02
6.40000e-10 6.60000e-10 -1.80705e+02
6.40000e-10 6.80000e-10 -1.80705e+02
6.40000e-10 7.00000e-10 -1.80705e+02
6.40000e-10 7.20000e-10 -1.80705e+02
6.40000e-10 7.40000e-10 -1.80705e+02
6.40000e-10 7.60000e-10 -1.80705e+02
6.40000e-10 7.80000e-10 2.79551e+21
6.40000e-10 8.00000e-10 -3.90232e+21
6.40000e-10 8.20000e-10 0.00000e+00
6.40000e-10 8.40000e-10 0.00000e+00
6.40000e-10 8.60000e-10 0.00000e+00
6.40000e-10 8.80000e-10 0.00000e+00
6.40000e-10 9.00000e-10 -3.49658e+21
6.40000e-10 9.20000e-10 -3.46548e+18
6.40000e-10 9.40000e-10 -1.80705e+02
6.40000e-10 9.60000e-10 -1.80705e+02
6.40000e-10 9.80000e-10 -1.80705e+02

6.60000e-10 0.00000e+00 -1.80705e+02
6.60000e-10 2.00000e-11 -1.80705e+02
6.60000e-10 4.00000e-11 -1.80705e+02
6.60000e-10 6.00000e-11 -1.80705e+02
6.60000e-10 8.00000e-11 3.90999e+21
6.60000e-10 1.00000e-10 -3.97072e+21
6.60000e-10 1.20000e-10 0.00000e+00
6.60000e-10 1.40000e-10 0.00000e+00
6.60000e-10 1.60000e-10 0.00000e+00
6.60000e-10 1.80000e-10 0.00000e+00
6.60000e-10 2.00000e-10 -4.10287e+21
6.60000e-10 2.20000e-10 4.89799e+21
6.60000e-10 2.40000e-10 -1.80705e+02
6.60000e-10 2.60000e-10 -1.80705e+02
6.60000e-10 2.80000e-10 -1.80705e+02
6.60000e-10 3.00000e-10 -1.80705e+02
6.60000e-10 3.20000e-10 -1.80705e+02
6.60000e-10 3.40000e-10 -1.80705e+02
6.60000e-10 3.60000e-10 -1.80705e+02
6.60000e-10 3.80000e-10 -1.80705e+02
6.60000e-10 4.00000e-10 -1.80705e+02
6.60000e-10 4.20000e-10 -1.80705e+02
6.60000e-10 4.40000e-10 -1.80705e+02
6.60000e-10 4.60000e-10 -1.80705e+02
6.60000e-10 4.80000e-10 -1.80705e+02
6.60000e-10 5.00000e-10 -1.80705e+02
6.60000e-10 5.20000e-10 -1.80705e+02
6.60000e-10 5.40000e-10 -1.80705e+02
6.60000e-10 5.60000e-10 -1.80705e+02
6.60000e-10 5.80000e-10 -1.80705e+02
6.60000e-10 6.00000e-10 -1.80705e+02
6.60000e-10 6.20000e-10 -1.80705e+02
6.60000e-10 6.40000e-10 -1.80705e+02
6.60000e-10 6.60000e-10 -1.80705e+02
6.60000e-10 6.80000e-10 -1.80705e+02
6.60000e-10 7.00000e-10 -1.80705e+02
6.60000e-10 7.20000e-10 -1.80705e+02
6.60000e-10 7.40000e-10 -1.80705e+02
6.60000e-10 7.60000e-10 -1.80705e+02
6.60000e-10 7.80000e-10 3.17809e+21
6.60000e-10 8.00000e-10 -3.26005e+21
6.60000e-10 8.20000e-10 0.00000e+00
6.60000e-10 8.40000e-10 0.00000e+00
6.60000e-10 8.60000e-10 0.00000e+00
6.60000e-10 8.80000e-10 0.00000e+00
6.60000e-10 9.00000e-10 -2.77731e+21
6.60000e-10 9.20000e-10 1.99022e+20
6.60000e-10 9.40000e-10 -1.80705e+02
6.60000e-10 9.60000e-10 -1.80705e+02
6.60000e-10 9.80000e-10 -1.80705e+02

6.80000e-10 0.00000e+00 -1.80705e+02
6.80000e-10 2.00000e-11 -1.80705e+02
6.80000e-10 4.00000e-11 -1.80705e+02
6.80000e-10 6.00000e-11 -1.80705e+02
6.80000e-10 8.00000e-11 3.79714e+21
6.80000e-10 1.00000e-10 -3.94925e+21
6.80000e-10 1.20000e-10 0.00000e+00
6.80000e-10 1.40000e-10 0.00000e+00
6.80000e-10 1.60000e-10 0.00000e+00
6.80000e-10 1.80000e-10 0.00000e+00
6.80000e-10 2.00000e-10 -4.16018e+21
6.80000e-10 2.20000e-10 5.30815e+21
6.80000e-10 2.40000e-10 -1.80705e+02
6.80000e-10 2.60000e-10 -1.80705e+02
6.80000e-10 2.80000e-10 -1.80705e+02
6.80000e-10 3.00000e-10 -1.80705e+02
6.80000e-10 3.20000e-10 -1.80705e+02
6.80000e-10 3.40000e-10 -1.80705e+02
6.80000e-10 3.60000e-10 -1.80705e+02
6.80000e-10 3.80000e-10 -1.80705e+02
6.80000e-10 4.00000e-10 -1.80705e+02
6.80000e-10 4.20000e-10 -1.80705e+02
6.80000e-10 4.40000e-10 -1.80705e+02
6.80000e-10 4.60000e-10 -1.80705e+02
6.80000e-10 4.80000e-10 -1.80705e+02
6.80000e-10 5.00000e-10 -1.80705e+02
6.80000e-10 5.20000e-10 -1.80705e+02
6.80000e-10 5.40000e-10 -1.80705e+02
6.80000e-10 5.60000e-10 -1.80705e+02
6.80000e-10 5.80000e-10 -1.80705e+02
6.80000e-10 6.00000e-10 -1.80705e+02
6.80000e-10 6.20000e-10 -1.80705e+02
6.80000e-10 6.40000e-10 -1.80705e+02
6.80000e-10 6.60000e-10 -1.80705e+02
6.80000e-10 6.80000e-10 -1.80705e+02
6.80000e-10 7.00000e-10 -1.80705e+02
6.80000e-10 7.20000e-10 -1.80705e+02
6.80000e-10 7.40000e-10 -1.80705e+02
6.80000e-10 7.60000e-10 -1.80705e+02
6.80000e-10 7.80000e-10 2.88022e+21
6.80000e-10 8.00000e-10 -7.42363e+21
6.80000e-10 8.20000e-10 -3.07796e+21
6.80000e-10 8.40000e-10 -3.66070e+21
6.80000e-10 8.60000e-10 -3.52448e+21
6.80000e-10 8.80000e-10 -2.95284e+21
6.80000e-10 9.00000e-10 -6.62035e+21
6.80000e-10 9.20000e-10 -3.98203e+21
6.80000e-10 9.40000e-10 -1.80705e+02
6.80000e-10 9.60000e-10 -1.80705e+02
6.80000e-10 9.80000e-10 -1.80705e+02

7.00000e-10 0.00000e+00 -1.80705e+02
7.00000e-10 2.00000e-11 -1.80705e+02
7.00000e-10 4.00000e-11 -1.80705e+02
7.00000e-10 6.00000e-11 -1.80705e+02
7.00000e-10 8.00000e-11 3.67139e+21
7.00000e-10 1.00000e-10 -3.94219e+21
7.00000e-10 1.20000e-10 0.00000e+00
7.00000e-10 1.40000e-10 0.00000e+00
7.00000e-10 1.60000e-10 0.00000e+00
7.00000e-10 1.80000e-10 0.00000e+00
7.00000e-10 2.00000e-10 -4.23874e+21
7.00000e-10 2.20000e-10 5.77152e+21
7.00000e-10 2.40000e-10 -1.80705e+02
7.00000e-10 2.60000e-10 -1.80705e+02
7.00000e-10 2.80000e-10 -1.80705e+02
7.00000e-10 3.00000e-10 -1.80705e+02
7.00000e-10 3.20000e-10 -1.80705e+02
7.00000e-10 3.40000e-10 -1.80705e+02
7.00000e-10 3.60000e-10 -1.80705e+02
7.00000e-10 3.80000e-10 -1.80705e+02
7.00000e-10 4.00000e-10 -1.80705e+02
7.00000e-10 4.20000e-10 -1.80705e+02
7.00000e-10 4.40000e-10 -1.80705e+02
7.00000e-10 4.60000e-10 -1.80705e+02
7.00000e-10 4.80000e-10 -1.80705e+02
7.00000e-10 5.00000e-10 -1.80705e+02
7.00000e-10 5.20000e-10 -1.80705e+02
7.00000e-10 5.40000e-10 -1.80705e+02
7.00000e-10 5.60000e-10 -1.80705e+02
7.00000e-10 5.80000e-10 -1.80705e+02
7.00000e-10 6.00000e-10 -1.80705e+02
7.00000e-10 6.20000e-10 -1.80705e+02
7.00000e-10 6.40000e-10 -1.80705e+02
7.00000e-10 6.60000e-10 -1.80705e+02
7.00000e-10 6.80000e-10 -1.80705e+02
7.00000e-10 7.00000e-10 -1.80705e+02
7.00000e-10 7.20000e-10 -1.80705e+02
7.00000e-10 7.40000e-10 -1.80705e+02
7.00000e-10 7.60000e-10 -1.80705e+02
7.00000e-10 7.80000e-10 -1.80705e+02
7.00000e-10 8.00000e-10 1.77726e+21
7.00000e-10 8.20000e-10 1.90110e+21
7.00000e-10 8.40000e-10 1.44156e+21
7.00000e-10 8.60000e-10 8.66062e+20
7.00000e-10 8.80000e-10 8.59640e+20
7.00000e-10 9.00000e-10 -3.49900e+21
7.00000e-10 9.20000e-10 -1.80705e+02
7.00000e-10 9.40000e-10 -1.80705e+02
7.00000e-10 9.60000e-10 -1.80705e+02
7.00000e-10 9.80000e-10 -1.80705e+02

7.20000e-10 0.00000e+00 -1.80705e+02
7.20000e-10 2.00000e-11 -1.80705e+02
7.20000e-10 4.00000e-11 -1.80705e+02
7.20000e-10 6.00000e-11 -1.80705e+02
7.20000e-10 8.00000e-11 3.52811e+21
7.20000e-10 1.00000e-10 -3.89708e+21
7.20000e-10 1.20000e-10 0.00000e+00
7.20000e-10 1.40000e-10 0.00000e+00
7.20000e-10 1.60000e-10 0.00000e+00
7.20000e-10 1.80000e-10 0.00000e+00
7.20000e-10 2.00000e-10 -4.27747e+21
7.20000e-10 2.20000e-10 6.24432e+21
7.20000e-10 2.40000e-10 -1.80705e+02
7.20000e-10 2.60000e-10 -1.80705e+02
7.20000e-10 2.80000e-10 -1.80705e+02
7.20000e-10 3.00000e-10 -1.80705e+02
7.20000e-10 3.20000e-10 -1.80705e+02
7.20000e-10 3.40000e-10 -1.80705e+02
7.20000e-10 3.60000e-10 -1.80705e+02
7.20000e-10 3.80000e-10 -1.80705e+02
7.20000e-10 4.00000e-10 -1.80705e+02
7.20000e-10 4.20000e-10 -1.80705e+02
7.20000e-10 4.40000e-10 -1.80705e+02
7.20000e-10 4.60000e-10 -1.80705e+02
7.20000e-10 4.80000e-10 -1.80705e+02
7.20000e-10 5.00000e-10 -1.80705e+02
7.20000e-10 5.20000e-10 -1.80705e+02
7.20000e-10 5.40000e-10 -1.80705e+02
7.20000e-10 5.60000e-10 -1.80705e+02
7.20000e-10 5.80000e-10 -1.80705e+02
7.20000e-10 6.00000e-10 -1.80705e+02
7.20000e-10 6.20000e-10 -1.80705e+02
7.20000e-10 6.40000e-10 -1.80705e+02
7.20000e-10 6.60000e-10 -1.80705e+02
7.20000e-10 6.80000e-10 -1.80705e+02
7.20000e-10 7.00000e-10 -1.80705e+02
7.20000e-10 7.20000e-10 -1.80705e+02
7.20000e-10 7.40000e-10 -1.80705e+02
7.20000e-10 7.60000e-10 -1.80705e+02
7.20000e-10 7.80000e-10 -1.80705e+02
7.20000e-10 8.00000e-10 -1.80705e+02
7.20000e-10 8.20000e-10 -1.80705e+02
7.20000e-10 8.40000e-10 -1.80705e+02
7.20000e-10 8.60000e-10 -1.80705e+02
7.20000e-10 8.80000e-10 -1.80705e+02
7.20000e-10 9.00000e-10 -1.80705e+02
7.20000e-10 9.20000e-10 -1.80705e+02
7.20000e-10 9.40000e-10 -1.80705e+02
7.20000e-10 9.60000e-10 -1.80705e+02
7.20000e-10 9.80000e-10 -1.80705e+02

7.40000e-10 0.00000e+00 -1.80705e+02
7.40000e-10 2.00000e-11 -1.80705e+02
7.40000e-10 4.00000e-11 -1.80705e+02
7.40000e-10 6.00000e-11 -1.80705e+02
7.40000e-10 8.00000e-11 3.37272e+21
7.40000e-10 1.00000e-10 -3.90325e+21
7.40000e-10 1.20000e-10 0.00000e+00
7.40000e-10 1.40000e-10 0.00000e+00
7.40000e-10 1.60000e-10 0.00000e+00
7.40000e-10 1.80000e-10 0.00000e+00
7.40000e-10 2.00000e-10 -4.38826e+21
7.40000e-10 2.20000e-10 6.75843e+21
7.40000e-10 2.40000e-10 -1.80705e+02
7.40000e-10 2.60000e-10 -1.80705e+02
7.40000e-10 2.80000e-10 -1.80705e+02
7.40000e-10 3.00000e-10 -1.80705e+02
7.40000e-10 3.20000e-10 -1.80705e+02
7.40000e-10 3.40000e-10 -1.80705e+02
7.40000e-10 3.60000e-10 -1.80705e+02
7.40000e-10 3.80000e-10 -1.80705e+02
7.40000e-10 4.00000e-10 -1.80705e+02
7.40000e-10 4.20000e-10 -1.80705e+02
7.40000e-10 4.40000e-10 -1.80705e+02
7.40000e-10 4.60000e-10 -1.80705e+02
7.40000e-10 4.80000e-10 -1.80705e+02
7.40000e-10 5.00000e-10 -1.80705e+02
7.40000e-10 5.20000e-10 -1.80705e+02
7.40000e-10 5.40000e-10 -1.80705e+02
7.40000e-10 5.60000e-10 -1.80705e+02
7.40000e-10 5.80000e-10 -1.80705e+02
7.40000e-10 6.00000e-10 -1.80705e+02
7.40000e-10 6.20000e-10 -1.80705e+02
7.40000e-10 6.40000e-10 -1.80705e+02
7.40000e-10 6.60000e-10 -1.80705e+02
7.40000e-10 6.80000e-10 -1.80705e+02
7.40000e-10 7.00000e-10 -1.80705e+02
7.40000e-10 7.20000e-10 -1.80705e+02
7.40000e-10 7.40000e-10 -1.80705e+02
7.40000e-10 7.60000e-10 -1.80705e+02
7.40000e-10 7.80000e-10 -1.80705e+02
7.40000e-10 8.00000e-10 -1.80705e+02
7.40000e-10 8.20000e-10 -1.80705e+02
7.40000e-10 8.40000e-10 -1.80705e+02
7.40000e-10 8.60000e-10 -1.80705e+02
7.40000e-10 8.80000e-10 -1.80705e+02
7.40000e-10 9.00000e-10 -1.80705e+02
7.40000e-10 9.20000e-10 -1.80705e+02
7.40000e-10 9.40000e-10 -1.80705e+02
7.40000e-10 9.60000e-10 -1.80705e+02
7.40000e-10 9.80000e-10 -1.80705e+02

7.60000e-10 0.00000e+00 -1.80705e+02
7.60000e-10 2.00000e-11 -1.80705e+02
7.60000e-10 4.00000e-11 -1.80705e+02
7.60000e-10 6.00000e-11 -1.80705e+02
7.60000e-10 8.00000e-11 3.22989e+21
7.60000e-10 1.00000e-10 -3.83459e+21
7.60000e-10 1.20000e-10 0.00000e+00
7.60000e-10 1.40000e-10 0.00000e+00
7.60000e-10 1.60000e-10 0.00000e+00
7.60000e-10 1.80000e-10 0.00000e+00
7.60000e-10 2.00000e-10 -4.39392e+21
7.60000e-10 2.20000e-10 7.22939e+21
7.60000e-10 2.40000e-10 -1.80705e+02
7.60000e-10 2.60000e-10 -1.80705e+02
7.60000e-10 2.80000e-10 -1.80705e+02
7.60000e-10 3.00000e-10 -1.80705e+02
7.60000e-10 3.20000e-10 -1.80705e+02
7.60000e-10 3.40000e-10 -1.80705e+02
7.60000e-10 3.60000e-10 -1.80705e+02
7.60000e-10 3.80000e-10 -1.80705e+02
7.60000e-10 4.00000e-10 -1.80705e+02
7.60000e-10 4.20000e-10 -1.80705e+02
7.60000e-10 4.40000e-10 -1.80705e+02
7.60000e-10 4.60000e-10 -1.80705e+02
7.60000e-10 4.80000e-10 -1.80705e+02
7.60000e-10 5.00000e-10 -1.80705e+02
7.60000e-10 5.20000e-10 -1.80705e+02
7.60000e-10 5.40000e-10 -1.80705e+02
7.60000e-10 5.60000e-10 -1.80705e+02
7.60000e-10 5.80000e-10 -1.80705e+02
7.60000e-10 6.00000e-10 -1.80705e+02
7.60000e-10 6.20000e-10 -1.80705e+02
7.60000e-10 6.40000e-10 -1.80705e+02
7.60000e-10 6.60000e-10 -1.80705e+02
7.60000e-10 6.80000e-10 -1.80705e+02
7.60000e-10 7.00000e-10 -1.80705e+02
7.60000e-10 7.20000e-10 -1.80705e+02
7.60000e-10 7.40000e-10 -1.80705e+02
7.60000e-10 7.60000e-10 -1.80705e+02
7.60000e-10 7.80000e-10 -1.80705e+02
7.60000e-10 8.00000e-10 -1.80705e+02
7.60000e-10 8.20000e-10 -1.80705e+02
7.60000e-10 8.40000e-10 -1.80705e+02
7.60000e-10 8.60000e-10 -1.80705e+02
7.60000e-10 8.80000e-10 -1.80705e+02
7.60000e-10 9.00000e-10 -1.80705e+02
7.60000e-10 9.20000e-10 -1.80705e+02
7.60000e-10 9.40000e-10 -1.80705e+02
7.60000e-10 9.60000e-10 -1.80705e+02
7.60000e-10 9.80000e-10 -1.80705e+02

7.80000e-10 0.00000e+00 -1.80705e+02
7.80000e-10 2.00000e-11 -1.80705e+02
7.80000e-10 4.00000e-11 -1.80705e+02
7.80000e-10 6.00000e-11 -1.80705e+02
7.80000e-10 8.00000e-11 3.06713e+21
7.80000e-10 1.00000e-10 -3.85982e+21
7.80000e-10 1.20000e-10 0.00000e+00
7.80000e-10 1.40000e-10 0.00000e+00
7.80000e-10 1.60000e-10 0.00000e+00
7.80000e-10 1.80000e-10 0.00000e+00
7.80000e-10 2.00000e-10 -4.56370e+21
7.80000e-10 2.20000e-10 7.74664e+21
7.80000e-10 2.40000e-10 -1.80705e+02
7.80000e-10 2.60000e-10 -1.80705e+02
7.80000e-10 2.80000e-10 -1.80705e+02
7.80000e-10 3.00000e-10 -1.80705e+02
7.80000e-10 3.20000e-10 -1.80705e+02
7.80000e-10 3.40000e-10 -1.80705e+02
7.80000e-10 3.60000e-10 -1.80705e+02
7.80000e-10 3.80000e-10 -1.80705e+02
7.80000e-10 4.00000e-10 -1.79414e+22
7.80000e-10 4.20000e-10 -5.50324e+21
7.80000e-10 4.40000e-10 -5.72012e+21
7.80000e-10 4.60000e-10 -4.72504e+21
7.80000e-10 4.80000e-10 -4.61453e+21
7.80000e-10 5.00000e-10 -4.47605e+21
7.80000e-10 5.20000e-10 -4.51254e+21
7.80000e-10 5.40000e-10 -5.15863e+21
7.80000e-10 5.60000e-10 -4.87175e+21
7.80000e-10 5.80000e-10 -1.54090e+22
7.80000e-10 6.00000e-10 -1.80705e+02
7.80000e-10 6.20000e-10 -1.80705e+02
7.80000e-10 6.40000e-10 -1.80705e+02
7.80000e-10 6.60000e-10 -1.80705e+02
7.80000e-10 6.80000e-10 -1.80705e+02
7.80000e-10 7.00000e-10 -1.80705e+02
7.80000e-10 7.20000e-10 -1.80705e+02
7.80000e-10 7.40000e-10 -1.80705e+02
7.80000e-10 7.60000e-10 -1.80705e+02
7.80000e-10 7.80000e-10 -1.80705e+02
7.80000e-10 8.00000e-10 -1.80705e+02
7.80000e-10 8.20000e-10 -1.80705e+02
7.80000e-10 8.40000e-10 -1.80705e+02
7.80000e-10 8.60000e-10 -1.80705e+02
7.80000e-10 8.80000e-10 -1.80705e+02
7.80000e-10 9.00000e-10 -1.80705e+02
7.80000e-10 9.20000e-10 -1.80705e+02
7.80000e-10 9.40000e-10 -1.80705e+02
7.80000e-10 9.60000e-10 -1.80705e+02
7.80000e-10 9.80000e-10 -1.80705e+02

8.00000e-10 0.00000e+00 -1.80705e+02
8.00000e-10 2.00000e-11 -1.80705e+02
8.00000e-10 4.00000e-11 -1.80705e+02
8.00000e-10 6.00000e-11 -1.80705e+02
8.00000e-10 8.00000e-11 2.96766e+21
8.00000e-10 1.00000e-10 -3.77621e+21
8.00000e-10 1.20000e-10 0.00000e+00
8.00000e-10 1.40000e-10 0.00000e+00
8.00000e-10 1.60000e-10 0.00000e+00
8.00000e-10 1.80000e-10 0.00000e+00
8.00000e-10 2.00000e-10 -4.44506e+21
8.00000e-10 2.20000e-10 8.05363e+21
8.00000e-10 2.40000e-10 -1.80705e+02
8.00000e-10 2.60000e-10 -1.80705e+02
8.00000e-10 2.80000e-10 -1.80705e+02
8.00000e-10 3.00000e-10 -1.80705e+02
8.00000e-10 3.20000e-10 -1.80705e+02
8.00000e-10 3.40000e-10 -1.80705e+02
8.00000e-10 3.60000e-10 -1.80705e+02
8.00000e-10 3.80000e-10 -1.89570e+22
8.00000e-10 4.00000e-10 -4.41609e+21
8.00000e-10 4.20000e-10 -1.99409e+21
8.00000e-10 4.40000e-10 -2.63055e+21
8.00000e-10 4.60000e-10 -2.77481e+21
8.00000e-10 4.80000e-10 -2.78561e+21
8.00000e-10 5.00000e-10 -2.79694e+21
8.00000e-10 5.20000e-10 -2.80058e+21
8.00000e-10 5.40000e-10 -2.70138e+21
8.00000e-10 5.60000e-10 -2.08683e+21
8.00000e-10 5.80000e-10 -4.80709e+21
8.00000e-10 6.00000e-10 -1.54250e+22
8.00000e-10 6.20000e-10 -1.80705e+02
8.00000e-10 6.40000e-10 -1.80705e+02
8.00000e-10 6.60000e-10 -1.80705e+02
8.00000e-10 6.80000e-10 -1.80705e+02
8.00000e-10 7.00000e-10 -1.80705e+02
8.00000e-10 7.20000e-10 -1.80705e+02
8.00000e-10 7.40000e-10 -1.80705e+02
8.00000e-10 7.60000e-10 -1.80705e+02
8.00000e-10 7.80000e-10 -1.80705e+02
8.00000e-10 8.00000e-10 -1.80705e+02
8.00000e-10 8.20000e-10 -1.80705e+02
8.00000e-10 8.40000e-10 -1.80705e+02
8.00000e-10 8.60000e-10 -1.80705e+02
8.00000e-10 8.80000e-10 -1.80705e+02
8.00000e-10 9.00000e-10 -1.80705e+02
8.00000e-10 9.20000e-10 -1.80705e+02
8.00000e-10 9.40000e-10 -1.80705e+02
8.00000e-10 9.60000e-10 -1.80705e+02
8.00000e-10 9.80000e-10 -1.80705e+02

8.20000e-10 0.00000e+00 -1.80705e+02
8.20000e-10 2.00000e-11 -1.80705e+02
8.20000e-10 4.00000e-11 -1.80705e+02
8.20000e-10 6.00000e-11 -1.80705e+02
8.20000e-10 8.00000e-11 2.81470e+21
8.20000e-10 1.00000e-10 -3.85495e+21
8.20000e-10 1.20000e-10 0.00000e+00
8.20000e-10 1.40000e-10 0.00000e+00
8.20000e-10 1.60000e-10 0.00000e+00
8.20000e-10 1.80000e-10 0.00000e+00
8.20000e-10 2.00000e-10 -4.66403e+21
8.20000e-10 2.20000e-10 8.48119e+21
8.20000e-10 2.40000e-10 -1.80705e+02
8.20000e-10 2.60000e-10 -1.80705e+02
8.20000e-10 2.80000e-10 -1.80705e+02
8.20000e-10 3.00000e-10 -1.80705e+02
8.20000e-10 3.20000e-10 -1.80705e+02
8.20000e-10 3.40000e-10 -1.80705e+02
8.20000e-10 3.60000e-10 -1.80705e+02
8.20000e-10 3.80000e-10 -6.84105e+21
8.20000e-10 4.00000e-10 -1.82687e+21
8.20000e-10 4.20000e-10 0.00000e+00
8.20000e-10 4.40000e-10 0.00000e+00
8.20000e-10 4.60000e-10 0.00000e+00
8.20000e-10 4.80000e-10 0.00000e+00
8.20000e-10 5.00000e-10 0.00000e+00
8.20000e-10 5.20000e-10 0.00000e+00
8.20000e-10 5.40000e-10 0.00000e+00
8.20000e-10 5.60000e-10 0.00000e+00
8.20000e-10 5.80000e-10 -2.10210e+21
8.20000e-10 6.00000e-10 -4.99704e+21
8.20000e-10 6.20000e-10 -1.80705e+02
8.20000e-10 6.40000e-10 -1.80705e+02
8.20000e-10 6.60000e-10 -1.80705e+02
8.20000e-10 6.80000e-10 -1.80705e+02
8.20000e-10 7.00000e-10 -1.80705e+02
8.20000e-10 7.20000e-10 -1.80705e+02
8.20000e-10 7.40000e-10 -1.80705e+02
8.20000e-10 7.60000e-10 -1.80705e+02
8.20000e-10 7.80000e-10 -1.80705e+02
8.20000e-10 8.00000e-10 -1.80705e+02
8.20000e-10 8.20000e-10 -1.80705e+02
8.20000e-10 8.40000e-10 -1.80705e+02
8.20000e-10 8.60000e-10 -1.80705e+02
8.20000e-10 8.80000e-10 -1.80705e+02
8.20000e-10 9.00000e-10 -1.80705e+02
8.20000e-10 9.20000e-10 -1.80705e+02
8.20000e-10 9.40000e-10 -1.80705e+02
8.20000e-10 9.60000e-10 -1.80705e+02
8.20000e-10 9.80000e-10 -1.80705e+02

8.40000e-10 0.00000e+00 -1.80705e+02
8.40000e-10 2.00000e-11 -1.80705e+02
8.40000e-10 4.00000e-11 -1.80705e+02
8.40000e-10 6.00000e-11 -1.80705e+02
8.40000e-10 8.00000e-11 2.72473e+21
8.40000e-10 1.00000e-10 -3.65300e+21
8.40000e-10 1.20000e-10 0.00000e+00
8.40000e-10 1.40000e-10 0.00000e+00
8.40000e-10 1.60000e-10 0.00000e+00
8.40000e-10 1.80000e-10 0.00000e+00
8.40000e-10 2.00000e-10 -4.44881e+21
8.40000e-10 2.20000e-10 8.66353e+21
8.40000e-10 2.40000e-10 -1.80705e+02
8.40000e-10 2.60000e-10 -1.80705e+02
8.40000e-10 2.80000e-10 -1.80705e+02
8.40000e-10 3.00000e-10 -1.80705e+02
8.40000e-10 3.20000e-10 -1.80705e+02
8.40000e-10 3.40000e-10 -1.80705e+02
8.40000e-10 3.60000e-10 -1.80705e+02
8.40000e-10 3.80000e-10 -7.10430e+21
8.40000e-10 4.00000e-10 -2.40595e+21
8.40000e-10 4.20000e-10 0.00000e+00
8.40000e-10 4.40000e-10 0.00000e+00
8.40000e-10 4.60000e-10 0.00000e+00
8.40000e-10 4.80000e-10 0.00000e+00
8.40000e-10 5.00000e-10 0.00000e+00
8.40000e-10 5.20000e-10 0.00000e+00
8.40000e-10 5.40000e-10 0.00000e+00
8.40000e-10 5.60000e-10 0.00000e+00
8.40000e-10 5.80000e-10 -2.64665e+21
8.40000e-10 6.00000e-10 -5.24883e+21
8.40000e-10 6.20000e-10 -1.80705e+02
8.40000e-10 6.40000e-10 -1.80705e+02
8.40000e-10 6.60000e-10 -1.80705e+02
8.40000e-10 6.80000e-10 -1.80705e+02
8.40000e-10 7.00000e-10 -1.80705e+02
8.40000e-10 7.20000e-10 -1.80705e+02
8.40000e-10 7.40000e-10 -1.80705e+02
8.40000e-10 7.60000e-10 -1.80705e+02
8.40000e-10 7.80000e-10 -1.80705e+02
8.40000e-10 8.00000e-10 -1.80705e+02
8.40000e-10 8.20000e-10 -1.80705e+02
8.40000e-10 8.40000e-10 -1.80705e+02
8.40000e-10 8.60000e-10 -1.80705e+02
8.40000e-10 8.80000e-10 -1.80705e+02
8.40000e-10 9.00000e-10 -1.80705e+02
8.40000e-10 9.20000e-10 -1.80705e+02
8.40000e-10 9.40000e-10 -1.80705e+02
8.40000e-10 9.60000e-10 -1.80705e+02
8.40000e-10 9.80000e-10 -1.80705e+02

8.60000e-10 0.00000e+00 -1.80705e+02
8.60000e-10 2.00000e-11 -1.80705e+02
8.60000e-10 4.00000e-11 -1.80705e+02
8.60000e-10 6.00000e-11 -1.80705e+02
8.60000e-10 8.00000e-11 2.55457e+21
8.60000e-10 1.00000e-10 -3.86092e+21
8.60000e-10 1.20000e-10 0.00000e+00
8.60000e-10 1.40000e-10 0.00000e+00
8.60000e-10 1.60000e-10 0.00000e+00
8.60000e-10 1.80000e-10 0.00000e+00
8.60000e-10 2.00000e-10 -4.81590e+21
8.60000e-10 2.20000e-10 9.09571e+21
8.60000e-10 2.40000e-10 -1.80705e+02
8.60000e-10 2.60000e-10 -1.80705e+02
8.60000e-10 2.80000e-10 -1.80705e+02
8.60000e-10 3.00000e-10 -1.80705e+02
8.60000e-10 3.20000e-10 -1.80705e+02
8.60000e-10 3.40000e-10 -1.80705e+02
8.60000e-10 3.60000e-10 -1.80705e+02
8.60000e-10 3.80000e-10 -6.76369e+21
8.60000e-10 4.00000e-10 -2.56686e+21
8.60000e-10 4.20000e-10 0.00000e+00
8.60000e-10 4.40000e-10 0.00000e+00
8.60000e-10 4.60000e-10 0.00000e+00
8.60000e-10 4.80000e-10 0.00000e+00
8.60000e-10 5.00000e-10 0.00000e+00
8.60000e-10 5.20000e-10 0.00000e+00
8.60000e-10 5.40000e-10 0.00000e+00
8.60000e-10 5.60000e-10 0.00000e+00
8.60000e-10 5.80000e-10 -2.79047e+21
8.60000e-10 6.00000e-10 -4.99085e+21
8.60000e-10 6.20000e-10 -1.80705e+02
8.60000e-10 6.40000e-10 -1.80705e+02
8.60000e-10 6.60000e-10 -1.80705e+02
8.60000e-10 6.80000e-10 -1.80705e+02
8.60000e-10 7.00000e-10 -1.80705e+02
8.60000e-10 7.20000e-10 -1.80705e+02
8.60000e-10 7.40000e-10 -1.80705e+02
8.60000e-10 7.60000e-10 -1.80705e+02
8.60000e-10 7.80000e-10 -1.80705e+02
8.60000e-10 8.00000e-10 -1.80705e+02
8.60000e-10 8.20000e-10 -1.80705e+02
8.60000e-10 8.40000e-10 -1.80705e+02
8.60000e-10 8.60000e-10 -1.80705e+02
8.60000e-10 8.80000e-10 -1.80705e+02
8.60000e-10 9.00000e-10 -1.80705e+02
8.60000e-10 9.20000e-10 -1.80705e+02
8.60000e-10 9.40000e-10 -1.80705e+02
8.60000e-10 9.60000e-10 -1.80705e+02
8.60000e-10 9.80000e-10 -1.80705e+02

8.80000e-10 0.00000e+00 -1.80705e+02
8.80000e-10 2.00000e-11 -1.80705e+02
8.80000e-10 4.00000e-11 -1.80705e+02
8.80000e-10 6.00000e-11 -1.80705e+02
8.80000e-10 8.00000e-11 2.64491e+21
8.80000e-10 1.00000e-10 -3.06753e+21
8.80000e-10 1.20000e-10 0.00000e+00
8.80000e-10 1.40000e-10 0.00000e+00
8.80000e-10 1.60000e-10 0.00000e+00
8.80000e-10 1.80000e-10 0.00000e+00
8.80000e-10 2.00000e-10 -4.09373e+21
8.80000e-10 2.20000e-10 9.00493e+21
8.80000e-10 2.40000e-10 -1.80705e+02
8.80000e-10 2.60000e-10 -1.80705e+02
8.80000e-10 2.80000e-10 -1.80705e+02
8.80000e-10 3.00000e-10 -1.80705e+02
8.80000e-10 3.20000e-10 -1.80705e+02
8.80000e-10 3.40000e-10 -1.80705e+02
8.80000e-10 3.60000e-10 -1.80705e+02
8.80000e-10 3.80000e-10 -6.14530e+21
8.80000e-10 4.00000e-10 -1.77257e+21
8.80000e-10 4.20000e-10 0.00000e+00
8.80000e-10 4.40000e-10 0.00000e+00
8.80000e-10 4.60000e-10 0.00000e+00
8.80000e-10 4.80000e-10 0.00000e+00
8.80000e-10 5.00000e-10 0.00000e+00
8.80000e-10 5.20000e-10 0.00000e+00
8.80000e-10 5.40000e-10 0.00000e+00
8.80000e-10 5.60000e-10 0.00000e+00
8.80000e-10 5.80000e-10 -2.01600e+21
8.80000e-10 6.00000e-10 -4.48885e+21
8.80000e-10 6.20000e-10 -1.80705e+02
8.80000e-10 6.40000e-10 -1.80705e+02
8.80000e-10 6.60000e-10 -1.80705e+02
8.80000e-10 6.80000e-10 -1.80705e+02
8.80000e-10 7.00000e-10 -1.80705e+02
8.80000e-10 7.20000e-10 -1.80705e+02
8.80000e-10 7.40000e-10 -1.80705e+02
8.80000e-10 7.60000e-10 -1.80705e+02
8.80000e-10 7.80000e-10 -1.80705e+02
8.80000e-10 8.00000e-10 -1.80705e+02
8.80000e-10 8.20000e-10 -1.80705e+02
8.80000e-10 8.40000e-10 -1.80705e+02
8.80000e-10 8.60000e-10 -1.80705e+02
8.80000e-10 8.80000e-10 -1.80705e+02
8.80000e-10 9.00000e-10 -1.80705e+02
8.80000e-10 9.20000e-10 -1.80705e+02
8.80000e-10 9.40000e-10 -1.80705e+02
8.80000e-10 9.60000e-10 -1.80705e+02
8.80000e-10 9.80000e-10 -1.80705e+02

9.00000e-10 0.00000e+00 -1.80705e+02
9.00000e-10 2.00000e-11 -1.80705e+02
9.00000e-10 4.00000e-11 -1.80705e+02
9.00000e-10 6.00000e-11 -1.80705e+02
9.00000e-10 8.00000e-11 1.23072e+21
9.00000e-10 1.00000e-10 -7.38470e+21
9.00000e-10 1.20000e-10 -3.32783e+21
9.00000e-10 1.40000e-10 -3.79493e+21
9.00000e-10 1.60000e-10 -4.03112e+21
9.00000e-10 1.80000e-10 -3.34233e+21
9.00000e-10 2.00000e-10 -8.75406e+21
9.00000e-10 2.20000e-10 1.28924e+22
9.00000e-10 2.40000e-10 -1.80705e+02
9.00000e-10 2.60000e-10 -1.80705e+02
9.00000e-10 2.80000e-10 -1.80705e+02
9.00000e-10 3.00000e-10 -1.80705e+02
9.00000e-10 3.20000e-10 -1.80705e+02
9.00000e-10 3.40000e-10 -1.80705e+02
9.00000e-10 3.60000e-10 -1.80705e+02
9.00000e-10 3.80000e-10 -1.47295e+22
9.00000e-10 4.00000e-10 -5.35158e+21
9.00000e-10 4.20000e-10 -2.79646e+21
9.00000e-10 4.40000e-10 -3.39110e+21
9.00000e-10 4.60000e-10 -3.49276e+21
9.00000e-10 4.80000e-10 -3.52525e+21
9.00000e-10 5.00000e-10 -3.52563e+21
9.00000e-10 5.20000e-10 -3.50726e+21
9.00000e-10 5.40000e-10 -3.42382e+21
9.00000e-10 5.60000e-10 -2.84529e+21
9.00000e-10 5.80000e-10 -5.63226e+21
9.00000e-10 6.00000e-10 -1.19708e+22
9.00000e-10 6.20000e-10 -1.80705e+02
9.00000e-10 6.40000e-10 -1.80705e+02
9.00000e-10 6.60000e-10 -1.80705e+02
9.00000e-10 6.80000e-10 -1.80705e+02
9.00000e-10 7.00000e-10 -1.80705e+02
9.00000e-10 7.20000e-10 -1.80705e+02
9.00000e-10 7.40000e-10 -1.80705e+02
9.00000e-10 7.60000e-10 -1.80705e+02
9.00000e-10 7.80000e-10 -1.80705e+02
9.00000e-10 8.00000e-10 -1.80705e+02
9.00000e-10 8.20000e-10 -1.80705e+02
9.00000e-10 8.40000e-10 -1.80705e+02
9.00000e-10 8.60000e-10 -1.80705e+02
9.00000e-10 8.80000e-10 -1.80705e+02
9.00000e-10 9.00000e-10 -1.80705e+02
9.00000e-10 9.20000e-10 -1.80705e+02
9.00000e-10 9.40000e-10 -1.80705e+02
9.00000e-10 9.60000e-10 -1.80705e+02
9.00000e-10 9.80000e-10 -1.80705e+02

9.20000e-10 0.00000e+00 -1.80705e+02
9.20000e-10 2.00000e-11 -1.80705e+02
9.20000e-10 4.00000e-11 -1.80705e+02
9.20000e-10 6.00000e-11 -1.80705e+02
9.20000e-10 8.00000e-11 -1.80705e+02
9.20000e-10 1.00000e-10 1.50070e+21
9.20000e-10 1.20000e-10 3.04465e+21
9.20000e-10 1.40000e-10 3.14802e+21
9.20000e-10 1.60000e-10 3.76629e+21
9.20000e-10 1.80000e-10 4.27743e+21
9.20000e-10 2.00000e-10 8.49353e+21
9.20000e-10 2.20000e-10 -1.80705e+02
9.20000e-10 2.40000e-10 -1.80705e+02
9.20000e-10 2.60000e-10 -1.80705e+02
9.20000e-10 2.80000e-10 -1.80705e+02
9.20000e-10 3.00000e-10 -1.80705e+02
9.20000e-10 3.20000e-10 -1.80705e+02
9.20000e-10 3.40000e-10 -1.80705e+02
9.20000e-10 3.60000e-10 -1.80705e+02
9.20000e-10 3.80000e-10 -1.80705e+02
9.20000e-10 4.00000e-10 -9.88355e+21
9.20000e-10 4.20000e-10 -6.37813e+20
9.20000e-10 4.40000e-10 -4.61181e+20
9.20000e-10 4.60000e-10 3.61171e+20
9.20000e-10 4.80000e-10 5.43334e+20
9.20000e-10 5.00000e-10 6.00816e+20
9.20000e-10 5.20000e-10 4.84148e+20
9.20000e-10 5.40000e-10 -1.67403e+20
9.20000e-10 5.60000e-10 -2.62137e+20
9.20000e-10 5.80000e-10 -8.22624e+21
9.20000e-10 6.00000e-10 -1.80705e+02
9.20000e-10 6.20000e-10 -1.80705e+02
9.20000e-10 6.40000e-10 -1.80705e+02
9.20000e-10 6.60000e-10 -1.80705e+02
9.20000e-10 6.80000e-10 -1.80705e+02
9.20000e-10 7.00000e-10 -1.80705e+02
9.20000e-10 7.20000e-10 -1.80705e+02
9.20000e-10 7.40000e-10 -1.80705e+02
9.20000e-10 7.60000e-10 -1.80705e+02
9.20000e-10 7.80000e-10 -1.80705e+02
9.20000e-10 8.00000e-10 -1.80705e+02
9.20000e-10 8.20000e-10 -1.80705e+02
9.20000e-10 8.40000e-10 -1.80705e+02
9.20000e-10 8.60000e-10 -1.80705e+02
9.20000e-10 8.80000e-10 -1.80705e+02
9.20000e-10 9.00000e-10 -1.80705e+02
9.20000e-10 9.20000e-10 -1.80705e+02
9.20000e-10 9.40000e-10 -1.80705e+02
9.20000e-10 9.60000e-10 -1.80705e+02
9.20000e-10 9.80000e-10 -1.80705e+02

9.40000e-10 0.00000e+00 -1.80705e+02
9.40000e-10 2.00000e-11 -1.80705e+02
9.40000e-10 4.00000e-11 -1.80705e+02
9.40000e-10 6.00000e-11 -1.80705e+02
9.40000e-10 8.00000e-11 -1.80705e+02
9.40000e-10 1.00000e-10 -1.80705e+02
9.40000e-10 1.20000e-10 -1.80705e+02
9.40000e-10 1.40000e-10 -1.80705e+02
9.40000e-10 1.60000e-10 -1.80705e+02
9.40000e-10 1.80000e-10 -1.80705e+02
9.40000e-10 2.00000e-10 -1.80705e+02
9.40000e-10 2.20000e-10 -1.80705e+02
9.40000e-10 2.40000e-10 -1.80705e+02
9.40000e-10 2.60000e-10 -1.80705e+02
9.40000e-10 2.80000e-10 -1.80705e+02
9.40000e-10 3.00000e-10 -1.80705e+02
9.40000e-10 3.20000e-10 -1.80705e+02
9.40000e-10 3.40000e-10 -1.80705e+02
9.40000e-10 3.60000e-10 -1.80705e+02
9.40000e-10 3.80000e-10 -1.80705e+02
9.40000e-10 4.00000e-10 -1.80705e+02
9.40000e-10 4.20000e-10 -1.80705e+02
9.40000e-10 4.40000e-10 -1.80705e+02
9.40000e-10 4.60000e-10 -1.80705e+02
9.40000e-10 4.80000e-10 -1.80705e+02
9.40000e-10 5.00000e-10 -1.80705e+02
9.40000e-10 5.20000e-10 -1.80705e+02
9.40000e-10 5.40000e-10 -1.80705e+02
9.40000e-10 5.60000e-10 -1.80705e+02
9.40000e-10 5.80000e-10 -1.80705e+02
9.40000e-10 6.00000e-10 -1.80705e+02
9.40000e-10 6.20000e-10 -1.80705e+02
9.40000e-10 6.40000e-10 -1.80705e+02
9.40000e-10 6.60000e-10 -1.80705e+02
9.40000e-10 6.80000e-10 -1.80705e+02
9.40000e-10 7.00000e-10 -1.80705e+02
9.40000e-10 7.20000e-10 -1.80705e+02
9.40000e-10 7.40000e-10 -1.80705e+02
9.40000e-10 7.60000e-10 -1.80705e+02
9.40000e-10 7.80000e-10 -1.80705e+02
9.40000e-10 8.00000e-10 -1.80705e+02
9.40000e-10 8.20000e-10 -1.80705e+02
9.40000e-10 8.40000e-10 -1.80705e+02
9.40000e-10 8.60000e-10 -1.80705e+02
9.40000e-10 8.80000e-10 -1.80705e+02
9.40000e-10 9.00000e-10 -1.80705e+02
9.40000e-10 9.20000e-10 -1.80705e+02
9.40000e-10 9.40000e-10 -1.80705e+02
9.40000e-10 9.60000e-10 -1.80705e+02
9.40000e-10 9.80000e-10 -1.80705e+02

9.60000e-10 0.00000e+00 -1.80705e+02
9.60000e-10 2.00000e-11 -1.80705e+02
9.60000e-10 4.00000e-11 -1.80705e+02
9.60000e-10 6.00000e-11 -1.80705e+02
9.60000e-10 8.00000e-11 -1.80705e+02
9.60000e-10 1.00000e-10 -1.80705e+02
9.60000e-10 1.20000e-10 -1.80705e+02
9.60000e-10 1.40000e-10 -1.80705e+02
9.60000e-10 1.60000e-10 -1.80705e+02
9.60000e-10 1.80000e-10 -1.80705e+02
9.60000e-10 2.00000e-10 -1.80705e+02
9.60000e-10 2.20000e-10 -1.80705e+02
9.60000e-10 2.40000e-10 -1.80705e+02
9.60000e-10 2.60000e-10 -1.80705e+02
9.60000e-10 2.80000e-10 -1.80705e+02
9.60000e-10 3.00000e-10 -1.80705e+02
9.60000e-10 3.20000e-10 -1.80705e+02
9.60000e-10 3.40000e-10 -1.80705e+02
9.60000e-10 3.60000e-10 -1.80705e+02
9.60000e-10 3.80000e-10 -1.80705e+02
9.60000e-10 4.00000e-10 -1.80705e+02
9.60000e-10 4.20000e-10 -1.80705e+02
9.60000e-10 4.40000e-10 -1.80705e+02
9.60000e-10 4.60000e-10 -1.80705e+02
9.60000e-10 4.80000e-10 -1.80705e+02
9.60000e-10 5.00000e-10 -1.80705e+02
9.60000e-10 5.20000e-10 -1.80705e+02
9.60000e-10 5.40000e-10 -1.80705e+02
9.60000e-10 5.60000e-10 -1.80705e+02
9.60000e-10 5.80000e-10 -1.80705e+02
9.60000e-10 6.00000e-10 -1.80705e+02
9.60000e-10 6.20000e-10 -1.80705e+02
9.60000e-10 6.40000e-10 -1.80705e+02
9.60000e-10 6.60000e-10 -1.80705e+02
9.60000e-10 6.80000e-10 -1.80705e+02
9.60000e-10 7.00000e-10 -1.80705e+02
9.60000e-10 7.20000e-10 -1.80705e+02
9.60000e-10 7.40000e-10 -1.80705e+02
9.60000e-10 7.60000e-10 -1.80705e+02
9.60000e-10 7.80000e-10 -1.80705e+02
9.60000e-10 8.00000e-10 -1.80705e+02
9.60000e-10 8.20000e-10 -1.80705e+02
9.60000e-10 8.40000e-10 -1.80705e+02
9.60000e-10 8.60000e-10 -1.80705e+02
9.60000e-10 8.80000e-10 -1.80705e+02
9.60000e-10 9.00000e-10 -1.80705e+02
9.60000e-10 9.20000e-10 -1.80705e+02
9.60000e-10 9.40000e-10 -1.80705e+02
9.60000e-10 9.60000e-10 -1.80705e+02
9.60000e-10 9.80000e-10 -1.80705e+02

9.80000e-10 0.00000e+00 -1.80705e+02
9.80000e-10 2.00000e-11 -1.80705e+02
9.80000e-10 4.00000e-11 -1.80705e+02
9.80000e-10 6.00000e-11 -1.80705e+02
9.80000e-10 8.00000e-11 -1.80705e+02
9.80000e-10 1.00000e-10 -1.80705e+02
9.80000e-10 1.20000e-10 -1.80705e+02
9.80000e-10 1.40000e-10 -1.80705e+02
9.80000e-10 1.60000e-10 -1.80705e+02
9.80000e-10 1.80000e-10 -1.80705e+02
9.80000e-10 2.00000e-10 -1.80705e+02
9.80000e-10 2.20000e-10 -1.80705e+02
9.80000e-10 2.40000e-10 -1.80705e+02
9.80000e-10 2.60000e-10 -1.80705e+02
9.80000e-10 2.80000e-10 -1.80705e+02
9.80000e-10 3.00000e-10 -1.80705e+02
9.80000e-10 3.20000e-10 -1.80705e+02
9.80000e-10 3.40000e-10 -1.80705e+02
9.80000e-10 3.60000e-10 -1.80705e+02
9.80000e-10 3.80000e-10 -1.80705e+02
9.80000e-10 4.00000e-10 -1.80705e+02
9.80000e-10 4.20000e-10 -1.80705e+02
9.80000e-10 4.40000e-10 -1.80705e+02
9.80000e-10 4.60000e-10 -1.80705e+02
9.80000e-10 4.80000e-10 -1.80705e+02
9.80000e-10 5.00000e-10 -1.80705e+02
9.80000e-10 5.20000e-10 -1.80705e+02
9.80000e-10 5.40000e-10 -1.80705e+02
9.80000e-10 5.60000e-10 -1.80705e+02
9.80000e-10 5.80000e-10 -1.80705e+02
9.80000e-10 6.00000e-10 -1.80705e+02
9.80000e-10 6.20000e-10 -1.80705e+02
9.80000e-10 6.40000e-10 -1.80705e+02
9.80000e-10 6.60000e-10 -1.80705e+02
9.80000e-10 6.80000e-10 -1.80705e+02
9.80000e-10 7.00000e-10 -1.80705e+02
9.80000e-10 7.20000e-10 -1.80705e+02
9.80000e-10 7.40000e-10 -1.80705e+02
9.80000e-10 7.60000e-10 -1.80705e+02
9.80000e-10 7.80000e-10 -1.80705e+02
9.80000e-10 8.00000e-10 -1.80705e+02
9.80000e-10 8.20000e-10 -1.80705e+02
9.80000e-10 8.40000e-10 -1.80705e+02
9.80000e-10 8.60000e-10 -1.80705e+02
9.80000e-10 8.80000e-10 -1.80705e+02
9.80000e-10 9.00000e-10 -1.80705e+02
9.80000e-10 9.20000e-10 -1.80705e+02
9.80000e-10 9.40000e-10 -1.80705e+02
9.80000e-10 9.60000e-10 -1.80705e+02
9.80000e-10 9.80000e-10 -1.80705e+02

